	1577532384.785363	0.06758153574885492	0	86
	1577532384.793723	119.61511478682446	1	54	
	1577532384.813214	51.30584335359812	1	86	
	1577532384.85763	22.514434173940117	0	54	
	1577532385.018198	6.2278910302002615	1	86	
	1577532385.022126	254.58597875569043	1	86	
	1577532385.023164	963.3220027560864	0	54	
	1577532385.026923	266.0347583407332	0	54	
	1577532385.03251	178.9836988990356	0	86	
	1577532385.034824	432.17970118495623	1	54	
power_on/off
	1577532527.00569	0.16980664052924335	0	86
	1577532527.007536	541.7597520020666	1	54	
	1577532527.037261	33.6416311078315	1	86	
	1577532527.081855	22.42451654984736	0	54	
	1577532527.172271	11.059994937136107	1	86	
	1577532527.177392	195.27464034638484	0	54	
	1577532527.194158	59.644264952646395	0	86	
	1577532527.200474	158.32939488883017	1	54	
power_on/off
	1577533045.087955	0.1722694114743977	0	342	
	1577533045.089851	527.4527162977868	1	54	
	1577533045.353573	3.791869136657412	1	102	
	1577533045.362558	111.29903144487197	1	86	
	1577533045.367656	196.15133517280083	0	54	
	1577533045.372526	205.34142759228433	0	86	
	1577533045.392715	49.53180835862492	1	54	
ds_on/off
	1577533180.88324	0.17069749167757425	0	102
	1577533181.012564	7.732519210064451	1	102	
	1577533181.056584	22.71697908824533	0	54	
	1577533182.054086	1.0025041666397774	1	358	
	1577533182.0594	188.17820449549106	0	54	
	1577533182.082447	43.38965096311009	0	118	
	1577533182.094391	83.72365610715212	1	54	
ds_on/off
	1577533286.485473	0.18280737165021818	0	310
	1577533286.492323	145.98531203229962	1	54
	1577533286.683005	5.2443287458160315	1	102
	1577533286.727482	22.483537925489145	0	54
	1577533287.297291	1.754974158476823	1	86
	1577533287.302566	189.57306214689265	0	54
	1577533287.307866	188.67764282501125	0	86
	1577533287.309986	471.69410706252813	1	54
	1577533288.094184	1.2751884673430696	1	358
	1577533288.12223	35.65554176513593	0	118
	1577533288.124196	508.6471016250303	1	54
	1577533288.295503	5.837478236301918	1	86
	1577533288.312329	59.4312919772154	0	86
	1577533288.314271	514.9544505831799	1	54
ds_on/off
	1577533378.288866	0.16142526717332206	0	102	
	1577533378.292806	253.81567322239033	1	54	
	1577533378.323662	32.40846855200124	1	102	
	1577533378.36781	22.65109899011719	0	54	
	1577533379.460046	0.9155530137497626	1	358	
	1577533379.464831	208.9837568510214	0	54	
	1577533379.489046	41.296745926254125	0	118	
	1577533379.494766	174.82822725188612	1	54
ds_on/off
	1577533514.767915	0.1389762710743449	0	294	
	1577533514.769803	529.6507134739235	1	54	
	1577533514.970782	4.9756443609299055	1	102	
	1577533515.015332	22.446718328552468	0	54	
	1577533515.582332	1.763668703246614	1	86	
	1577533515.58749	193.86660503813266	0	54	
	1577533516.119591	1.8793427526656818	1	358	
	1577533516.12445	205.80490677134446	0	54	
	1577533516.156993	30.7286274222499	0	118	
	1577533516.158744	571.0420694349898	1	54	
	1577533516.571333	2.423720459075089	1	86	
	1577533516.582953	86.05818868234232	0	86	
	1577533516.584764	552.1727224855186	1	54	
ds_on/off
	1577533693.774648	0.18654541115315715	0	102	
	1577533693.814269	25.239067774682127	1	54	
	1577533695.047961	0.8105751322983434	1	358	
	1577533695.052709	210.61029374843082	0	54	
	1577533695.134628	12.207186991585976	1	102	
	1577533695.13463	524288.0	1	358	
	1577533695.139438	207.9888921947833	0	54	
	1577533695.139558	8322.031746031746	0	54	
	1577533695.163884	41.10853670489072	0	118	
	1577533695.170414	153.13826718755706	1	54	
ds_on/off
	1577533821.029467	0.08328839911640472	0	102	
	1577533821.03132	539.6685537828101	1	54	
	1577533821.06544	29.308457189974074	1	102	
	1577533821.110461	22.21182850364345	0	54	
	1577533822.204997	0.9136290991342064	1	358	
	1577533822.209675	213.76606696906376	0	54	
	1577533822.234808	39.78849309870512	0	118	
	1577533822.254949	49.64966026657828	1	54	
ds_on/off
	1577533918.616783	0.24738784098444022	0	102	
	1577533918.627209	95.91365195517952	1	54	
	1577533918.653287	38.34651989870085	1	102	
	1577533918.697119	22.81434904403166	0	54	
	1577533919.7918	0.9135081156721497	1	358	
	1577533919.796511	212.27309074345868	0	54	
	1577533919.819858	42.831799846821546	0	118	
	1577533919.823449	278.4877498174092	1	54	
ds_on/off
	1577534069.287167	0.3124616295652204	0	102
	1577534069.293292	163.2660179057999	1	54	
	1577534069.320006	37.43376827374471	1	102	
	1577534069.364159	22.6484081385805	0	54	
	1577534070.485011	0.8921784550903451	1	406	
	1577534070.490338	187.72340330304795	0	54	
	1577534070.517483	36.8393205333146	0	118	
	1577534070.520245	362.0460940871817	1	54	
ds_on/off
	1577534193.339081	0.15023406375322537	0	102	
	1577534193.350024	91.38315395006319	1	54	
	1577534193.381618	31.651541334943214	1	102	
	1577534193.426439	22.310958386748442	0	54	
	1577534194.536093	0.9011818506449837	1	406	
	1577534194.541092	200.0431153717747	0	54	
	1577534194.559782	53.50423512603327	0	118	
	1577534194.564958	193.19686780285582	1	54
ds_on/off
	1577537727.605521	0.25433229483453623	0	86	
	1577537727.620076	68.70501900144149	1	54	
	1577537727.639552	51.34478326335247	1	86	
	1577537727.645783	160.49223234101171	1	86	
	1577537727.652631	146.02597221738677	0	54	
	1577537727.660371	129.19862000985708	0	86	
	1577537727.662733	423.36771979408496	1	54	
power_on/off
	1577537894.793137	0.18218802030749667	0	86
	1577537894.794934	556.4951572243598	1	54	
	1577537894.842593	20.982430864049306	1	86	
	1577537894.848572	167.2503389424994	0	54	
	1577537895.276967	2.3342941053049864	1	86	
	1577537895.282676	175.16408435999165	0	54	
	1577537895.299167	60.63937080730974	0	86	
	1577537895.30721	124.33093226619238	1	54	
power_on/off
	1577537972.453567	0.13516360942662076	0	86
	1577537972.455856	436.8611602958025	1	54	
	1577537972.501986	21.67789418191779	1	86	
	1577537972.547773	21.840328258107515	0	54	
	1577537972.735368	5.330628813557168	1	86	
	1577537972.741138	173.31118548820297	0	54	
	1577537972.760046	52.887599929387434	0	86	
	1577537972.768589	117.05469970975665	1	54	
	1577537973.745317	1.0238265293917486	1	86	
	1577537973.768777	42.62590703063071	0	86	
	1577537973.777117	119.90234698836511	1	54	
power_on/off
	1577538074.279489	0.27111828639806224	0	86	
	1577538074.286285	147.14790906539434	1	54	
	1577538074.307649	46.807771714263396	1	86	
	1577538074.352434	22.328893431713887	0	54	
	1577538074.599531	4.046993438826708	1	86	
	1577538074.605538	166.47366540980354	0	54	
	1577538074.612588	141.8432194792019	0	86	
	1577538074.615196	383.42663863241614	1	54	
power_on/off
	1577538199.441093	0.12517261467057578	0	86
	1577538199.454356	75.39779611353791	1	54	
	1577538199.469364	66.63125119145961	1	86	
	1577538199.507244	26.399028203498215	1	86	
	1577538199.513613	157.01358888930483	0	54	
	1577538200.476911	1.0381002706438651	1	86	
	1577538200.496082	52.16212115559203	0	86	
	1577538200.506363	97.26824517056654	1	54	
power_on/off
	1577538284.206298	0.4199624924779696	0	86	
	1577538284.230271	41.713615116857284	1	54	
	1577538284.241305	90.62886776145203	1	86	
	1577538284.286787	21.986758577307157	0	54	
	1577538284.796826	1.9606349491272208	1	86	
	1577538284.802762	168.45947465659893	0	54	
	1577538284.820931	55.039025798493554	0	86	
	1577538284.829249	120.22196743866085	1	54	
power_on/off
	1577538376.885734	0.22096414197344819	0	86
	1577538376.888037	434.23791282741485	1	54	
	1577538376.919876	31.407891091258996	1	86	
	1577538376.926078	161.23876523276823	0	54	
	1577538377.401482	2.1034739910801914	1	86	
	1577538377.407211	174.5517499687877	0	54	
	1577538377.426896	50.800024223339186	0	86	
	1577538377.442881	62.55860155713987	1	54	
power_on/off
	1577538470.389894	0.13566041684253696	0	86
	1577538470.391895	499.7383533897295	1	54	
	1577538470.42331	31.831941956831912	1	86	
	1577538470.469338	21.72595374375178	0	54	
	1577538471.080002	1.6375613894603194	1	86	
	1577538471.085932	168.63557413959472	0	54	
	1577538471.109545	42.34959612277868	0	86	
	1577538471.114265	211.86563620750618	1	54
power_on/off
	1577538611.975393	0.07536625362460429	0	86	
	1577538611.981083	175.7512675466164	1	54	
	1577538612.005134	41.57798528916116	1	86	
	1577538612.050374	22.104368906455864	0	54	
	1577538612.757169	1.4148374454758674	1	86	
	1577538612.763853	149.6095594792224	0	54	
	1577538612.771263	134.95620837221276	0	86	
	1577538612.775274	249.30480266286258	1	54	
power_on/off
	1577538741.028718	0.14741107071795376	0	86
	1577538741.033037	231.53762075627932	1	54	
	1577538741.089003	17.867946953850872	1	86	
	1577538741.135474	21.51885200063618	0	54	
	1577538741.258189	8.148963287637166	1	86	
	1577538741.264957	147.75439461725438	0	54	
	1577538741.272483	132.8698957772357	0	86	
	1577538741.307746	28.35847819178786	1	54	
power_on/off
	1577538824.61834	0.06862433078129535	0	342	
	1577538824.623013	213.99510204081633	1	54	
	1577538824.880673	3.8810849224209405	1	102	
	1577538824.926597	21.775018170491123	0	54	
	1577538825.506383	1.724774837383697	1	86	
	1577538825.509866	287.1041139023889	1	86	
	1577538825.512307	409.68001562805233	0	54	
	1577538825.515825	284.243968555164	0	54	
	1577538825.5206	209.422009187138	0	86	
	1577538825.522442	542.8816981620503	1	54	
	1577538825.956325	2.304769053492153	1	406	
	1577538826.001736	22.021158520898634	0	118	
	1577538826.003432	589.58448130447	1	54	
	1577538826.513553	1.9603197230139062	1	86	
	1577538826.558688	22.15574454598278	0	54	
	1577538826.560555	535.6026050312859	0	86	
	1577538826.562514	510.4422538639406	1	54	
	1577538827.540659	1.022343434235103	1	86	
	1577538827.546264	178.4126930111872	0	54	
	1577538827.554653	119.2037742283863	0	86	
	1577538827.556327	597.3090287667331	1	54	
	1577538828.516444	1.0415398773585047	1	102	
	1577538828.529987	73.8381804098303	0	102	
	1577538828.540574	94.45566940659836	1	54	
ds_on/off
	1577538965.485588	0.22906090525036826	0	102
	1577538965.488739	317.36561743341406	1	54	
	1577538965.523386	28.862537847508946	1	102	
	1577538965.568609	22.112642938859864	0	54	
	1577538966.651729	0.9232586422654078	1	406	
	1577538966.660164	118.5534921846293	0	54	
	1577538966.679222	52.47143303934447	0	118	
	1577538966.703743	40.78158058494088	1	54	
ds_on/off
	1577539118.620694	0.14828336091378355	0	342
	1577539118.625698	199.83343656200867	1	54	
	1577539118.880159	3.9298782144617284	1	102	
	1577539118.926527	21.566540862393435	0	54	
	1577539118.926917	2563.755501222494	1	86	
	1577539118.933274	157.30802985410494	0	54	
	1577539118.950145	59.273395325174526	0	86	
	1577539118.951809	600.9892534747098	1	54	
	1577539120.056818	0.9049699400873058	1	406	
	1577539120.102429	21.924581560431978	0	54	
	1577539120.103385	1045.9610972568578	0	118	
	1577539120.10896	179.37407518282512	1	54	
	1577539122.471061	0.42335190873057127	1	102	
	1577539122.477002	168.32426358455734	0	54	
	1577539122.484784	128.50196078431372	0	102	
	1577539122.490224	183.82364026822106	1	54	
ds_on/off
	1577539241.909532	0.1055061197415212	0	102
	1577539241.91273	312.70439126220833	1	54	
	1577539241.941601	34.63676152410524	1	102	
	1577539241.986737	22.15527641907096	0	54	
	1577539243.101486	0.8970629626682887	1	406	
	1577539243.10749	166.55299209784377	0	54	
	1577539243.19615	11.27904331387297	0	118	
	1577539243.406486	4.754298565085756	0	118	
	1577539243.512002	9.47723955297063	1	54	
ds_on/off
	1577582324.538919	0.0742873399973493	0	342	
	1577582324.540684	566.5681480480886	1	54	
	1577582324.7963	3.9121189481509258	1	102	
	1577582324.840475	22.63716241013795	0	54	
	1577582325.407892	1.7623725849493197	1	86	
	1577582325.412654	209.99869824262754	0	54	
	1577582325.430529	55.94344706164804	0	86	
	1577582325.437	154.5375630964224	1	54	
	1577582325.953515	1.9360521339111834	1	406	
	1577582325.99835	22.304077085471494	0	54	
	1577582325.998432	12192.744186046511	0	118	
	1577582326.005141	149.05131485429993	1	54	
	1577582326.40805	2.481949769309016	1	86	
	1577582326.412729	213.72249681528663	0	54	
	1577582326.413466	1356.9407958589454	0	86	
	1577582326.417269	262.94928217666603	1	54	
ds_on/off
	1577582419.679622	0.3501090526513663	0	102	
	1577582419.686144	153.3230004386606	1	54	
	1577582419.71428	35.541937123972545	1	102	
	1577582419.758626	22.54990026935339	0	54	
	1577582420.891574	0.882653104171612	1	406	
	1577582420.896287	212.17644678267908	0	54	
	1577582420.911215	66.9877501477329	0	118	
	1577582420.913189	506.6196400531465	1	54	
ds_on/off
	1577582503.784705	0.0901916002526644	0	342	
	1577582503.78896	235.014512242954	1	54	
	1577582504.037904	4.016966959633079	1	102	
	1577582504.082209	22.57077205387749	0	54	
	1577582504.758522	1.478605487717606	1	86	
	1577582504.763392	205.34142759228433	0	54	
	1577582504.766141	363.7731136166522	0	86	
	1577582504.767965	548.2033721082212	1	54	
	1577582505.199387	2.317916126696933	1	406	
	1577582505.21469	65.34710602165615	0	118	
	1577582505.216387	589.253161000281	1	54	
ds_on/off
	1577582658.034096	0.6124159576964258	0	102	
	1577582658.036021	519.482784245727	1	54	
	1577582658.070088	29.353993015459768	1	102	
	1577582658.114569	22.48148922371052	0	54	
	1577582658.673283	1.7898240048612775	1	86	
	1577582658.678048	209.87260445334002	0	54	
	1577582658.678766	1392.531208499336	0	86	
	1577582658.683639	205.21082244728217	1	54	
	1577582659.223735	1.8515225395715498	1	406	
	1577582659.267489	22.85512513827057	0	54	
	1577582659.282664	65.89740608650568	0	118	
	1577582659.286272	277.16275688891824	1	54	
ds_on/off
	1577582784.007106	0.21157206220393282	0	310	
	1577582784.012713	178.35200068035888	1	54	
	1577582784.203714	5.235576370962507	1	102	
	1577582784.247833	22.665910110295112	0	54	
	1577582784.850033	1.6605777948460099	1	86	
	1577582784.854761	211.5130610186586	0	54	
	1577582784.857387	380.7811166591012	0	86	
	1577582784.882779	39.38276635900132	1	54	
	1577582785.402841	1.9228468907747174	1	406	
	1577582785.446858	22.71857870219911	0	54	
	1577582785.449102	445.633659158521	0	118	
	1577582785.450886	560.5110249899773	1	54	
	1577582787.721904	0.4403311587827836	1	102	
	1577582787.726683	209.25483935342248	0	54	
	1577582787.73125	218.95510544998956	0	102	
	1577582787.733125	533.3550356052899	1	54	
ds_on/off
	1577582889.58582	0.23407445025929652	0	102	
	1577582889.599676	72.17124371945764	1	54	
	1577582889.622341	44.1208449044854	1	102	
	1577582889.666726	22.53003518384229	0	54	
	1577582890.744925	0.9274726499427061	1	406	
	1577582890.749573	215.1476788920236	0	54	
	1577582890.790311	24.54704216120046	0	118	
	1577582890.792113	554.9489282879068	1	54	
ds_on/off
	1577583039.030452	0.3432176507464443	0	310	
	1577583039.03632	170.41703234194702	1	54	
	1577583039.229803	5.168409677065581	1	102	
	1577583039.229804	1048576.0	1	86	
	1577583039.234444	215.5235599403936	0	54	
	1577583039.236897	407.64933424045097	0	86	
	1577583039.301969	15.367578737561004	1	54	
	1577583040.382801	0.9252131652217417	1	406	
	1577583040.402651	50.37779405935837	0	118	
	1577583040.409337	149.56687943515317	1	54	
	1577583042.793971	0.4193515619063616	1	102	
	1577583042.802573	116.25333296377394	0	102	
	1577583042.806973	227.27195881874832	1	54	
ds_on/off
	1577583130.067534	0.316781001163863	0	102	
	1577583130.069431	527.1212768631394	1	54	
	1577583130.103481	29.36858615281201	1	102	
	1577583130.147696	22.61677747760864	0	54	
	1577583131.199926	0.9503626705385361	1	406	
	1577583131.204803	205.04028157997652	0	54	
	1577583131.214818	99.85011665000238	0	118	
	1577583131.218665	259.9506662534862	1	54	
ds_on/off
	1577583220.425022	0.32917564038229324	0	310	
	1577583220.426881	537.869197230059	1	54	
	1577583220.626987	4.997353762934809	1	102	
	1577583220.670999	22.721040086673888	0	54	
	1577583221.858779	0.8419068188706741	1	406	
	1577583221.863678	204.12225034066577	0	54	
	1577583221.87496	88.6370245139476	0	118	
	1577583221.880857	169.57645346486618	1	54	
	1577583221.934078	18.789580020159033	1	86	
	1577583221.942538	118.20268289933492	0	86	
	1577583221.94989	136.01971721364637	1	54	
	1577583224.276498	0.42981023111948946	1	102	
	1577583224.285213	114.74582113643203	0	102	
	1577583224.29176	152.74231609613983	1	54	
ds_on/off
	1577583370.922233	0.45914567437086606	0	102	
	1577583370.928649	155.8641397250093	1	54	
	1577583370.953053	40.97680689345239	1	102	
	1577583370.9977	22.397932319785543	0	54	
	1577583372.052828	0.9477522230115819	1	406	
	1577583372.057648	207.47447566284131	0	54	
	1577583372.070626	77.0530183341294	0	118	
	1577583372.072425	555.9051027170311	1	54	
ds_on/off
	1577583449.909251	0.16925365074526535	0	310	
	1577583449.91724	125.17321236719589	1	54	
	1577583450.106297	5.289406945847411	1	102	
	1577583450.113462	139.56821509383735	1	86	
	1577583450.118189	211.5450648106118	0	54	
	1577583451.294137	0.8503778067884589	1	406	
	1577583451.337947	22.82589577256302	0	54	
	1577583451.339705	568.7963113642528	0	118	
	1577583451.388439	20.51957633130305	1	54	
	1577583451.40288	69.24721809476638	1	86	
	1577583451.40764	210.08284497871276	0	54	
	1577583451.410824	314.0624485211531	0	86	
	1577583451.41533	221.9325890258744	1	54	
	1577583453.718057	0.43426772124435087	1	102	
	1577583453.726459	119.01773502454527	0	102	
	1577583453.728813	424.8256862149296	1	54	
ds_on/off
	1577583554.936942	0.19898508830141676	0	102	
	1577583554.938699	569.1822499660741	1	54	
	1577583554.971931	30.091501955016682	1	102	
	1577583555.015959	22.71279654729865	0	54	
	1577583556.123939	0.9025433567058049	1	406	
	1577583556.128799	205.76452119309263	0	54	
	1577583556.140484	85.57882924241497	0	118	
	1577583556.158926	54.22430220682344	1	54	
ds_on/off
	1577583685.160272	0.06823448628784706	0	294	
	1577583685.162061	558.9424307036247	1	54	
	1577583685.365545	4.914389893540987	1	102	
	1577583685.410341	22.32342672230265	0	54	
	1577583685.968655	1.7911065238269508	1	86	
	1577583685.968656	1048576.0	1	86	
	1577583685.973413	210.2197273456295	0	54	
	1577583685.973511	10205.119221411192	0	54	
	1577583685.974205	1440.8464445207833	0	86	
	1577583685.982658	118.30270209285271	1	54	
	1577583686.525579	1.841888374021156	1	406	
	1577583686.541718	61.96159073450334	0	118	
	1577583686.548442	148.7236366215162	1	54	
	1577583688.92682	0.42045458532439167	1	102	
	1577583688.936004	108.88639667705088	0	102	
	1577583688.949527	73.9475317348378	1	54	
ds_on/off
	1577583801.63332	0.09869018394196967	0	102	
	1577583801.635113	557.7531914893617	1	54	
	1577583801.666804	31.554626021275634	1	102	
	1577583801.710401	22.937367042365977	0	54	
	1577583802.831273	0.892162514107866	1	406	
	1577583802.836261	200.482959705559	0	54	
	1577583802.877548	24.22073107351158	0	118	
	1577583802.883376	171.58828342333496	1	54	
ds_on/off
	1577583934.478579	0.1366844158862576	0	294	
	1577583934.481033	407.49091615661126	1	54	
	1577583934.68282	4.95572076053103	1	102	
	1577583934.727123	22.571865245936927	0	54	
	1577583935.281784	1.8029029189521912	1	86	
	1577583935.286622	206.69741770155727	0	54	
	1577583935.289241	381.82102867546655	0	86	
	1577583935.306084	59.37240246871638	1	54	
	1577583935.832237	1.9005875353332313	1	406	
	1577583935.848054	63.22340633997076	0	118	
	1577583935.852482	225.8280299359285	1	54	
	1577583938.242853	0.41834512906617655	1	102	
	1577583938.251446	116.3726763220687	0	102	
	1577583938.275297	41.927107699074355	1	54	
ds_on/off
	1577584055.541291	0.12999813416297992	0	102	
	1577584055.552967	85.64523308761972	1	54	
	1577584055.581425	35.13965198012751	1	102	
	1577584055.626237	22.315469128248782	0	54	
	1577584056.690481	0.9396341158793601	1	406	
	1577584056.695221	210.9704743222172	0	54	
	1577584056.706904	85.59454716134036	0	118	
	1577584056.708684	561.7873024377177	1	54	
ds_on/off
	1577584132.508395	0.11172120924835402	0	294	
	1577584132.517045	115.60607480499435	1	54	
	1577584132.720543	4.914055946349991	1	102	
	1577584132.720545	466033.77777777775	1	86	
	1577584132.725473	202.9272824035996	0	54	
	1577584132.728174	370.22720451937505	0	86	
	1577584132.742622	69.21407944025479	1	54	
	1577584133.895761	0.8671980574848199	1	406	
	1577584133.938924	23.167958285231357	0	118	
	1577584133.941989	326.2780241151303	1	54	
	1577584137.328297	0.29530686911862497	1	102	
	1577584137.334289	166.8843353360124	0	102	
	1577584137.343804	105.09932845544753	1	54	
ds_on/off
	1577584341.095382	0.19154673371869158	0	102	
	1577584341.097125	573.6977157707564	1	54	
	1577584341.133295	27.64721702217418	1	102	
	1577584341.176981	22.89067411805798	0	54	
	1577584342.224799	0.9543642617626427	1	406	
	1577584342.229396	217.52432320298723	0	54	
	1577584342.271389	23.81354787061903	0	118	
	1577584342.277767	156.79054988598557	1	54	
ds_on/off
	1577584414.825656	0.2800334466827989	0	294	
	1577584414.828564	343.87997048454537	1	54	
	1577584415.021741	5.176600106387837	1	102	
	1577584415.066111	22.53766214226607	0	54	
	1577584415.633751	1.7616804726371293	1	86	
	1577584415.638554	208.19537377146827	0	54	
	1577584415.64094	419.13700409713203	0	86	
	1577584415.647713	147.64517037454237	1	54	
	1577584416.179302	1.881152434063524	1	406	
	1577584416.224204	22.270680125097567	0	54	
	1577584416.225508	766.9233863594807	0	118	
	1577584416.229846	230.51959329486124	1	54	
	1577584418.601078	0.421721698331374	1	102	
	1577584418.605777	212.8116089096352	0	54	
	1577584418.607094	759.2874728457639	0	102	
	1577584418.611365	234.13553645193704	1	54	
ds_on/off
	1577584511.20771	0.10943725643723741	0	102	
	1577584511.24767	25.025082933581537	1	54	
	1577584511.259013	88.16008071296451	1	102	
	1577584511.30341	22.523985715436456	0	54	
	1577584512.415112	0.8995216624460411	1	406	
	1577584512.420131	199.24488147831457	0	54	
	1577584512.432243	82.56178890594859	0	118	
	1577584512.491268	16.942028048859303	1	54	
ds_on/off
	1577584645.21455	0.1335441016374619	0	102	
	1577584645.223271	114.66739570233473	1	54	
	1577584645.244724	46.61321834609529	1	102	
	1577584645.289466	22.350429764309048	0	54	
	1577584646.347058	0.9455440801485528	1	406	
	1577584646.351776	211.961997170002	0	54	
	1577584646.392285	24.685735809967746	0	118	
	1577584646.40495	78.95903614457832	1	54	
ds_on/off
	1577584747.770659	0.2303264962696292	0	102	
	1577584747.778564	126.50211123175292	1	54	
	1577584747.799749	47.20338525254344	1	102	
	1577584747.844173	22.510325876948176	0	54	
	1577584748.978005	0.8819648938648795	1	406	
	1577584748.982809	208.1540446650124	0	54	
	1577584749.021641	25.751990814929425	0	118	
	1577584749.028602	143.66022742841486	1	54	
ds_on/off
	1577584827.884311	0.11068886951548892	0	102	
	1577584827.890697	156.5915251073362	1	54	
	1577584827.913941	43.022032577031965	1	102	
	1577584827.958541	22.42151967754696	0	54	
	1577584829.078836	0.8926219945356936	1	406	
	1577584829.08371	205.17066966687864	0	54	
	1577584829.095176	87.21417283539881	0	118	
	1577584829.1026	134.69616879154756	1	54	
ds_on/off
	1577584902.873112	0.11561253720199129	0	102	
	1577584902.889258	61.93505707239999	1	54	
	1577584902.90268	74.50447633934915	1	102	
	1577584902.947076	22.524469553356138	0	54	
	1577584904.014156	0.9371368411080561	1	406	
	1577584904.019	206.4430772259684	0	54	
	1577584904.058277	25.46029780440576	0	118	
	1577584904.060151	533.5585803332909	1	54	
ds_on/off
	1577584645.21455	0.1335441016374619	0	102
	1577584645.223271	114.66739570233473	1	54
	1577584645.244724	46.61321834609529	1	102
	1577584645.289466	22.350429764309048	0	54
	1577584646.347058	0.9455440801485528	1	406
	1577584646.351776	211.961997170002	0	54
	1577584646.392285	24.685735809967746	0	118
	1577584646.40495	78.95903614457832	1	54
ds_on/off
	1577584747.770659	0.2303264962696292	0	102
	1577584747.778564	126.50211123175292	1	54
	1577584747.799749	47.20338525254344	1	102
	1577584747.844173	22.510325876948176	0	54
	1577584748.978005	0.8819648938648795	1	406
	1577584748.982809	208.1540446650124	0	54
	1577584749.021641	25.751990814929425	0	118
	1577584749.028602	143.66022742841486	1	54
ds_on/off
	1577584827.884311	0.11068886951548892	0	102
	1577584827.890697	156.5915251073362	1	54
	1577584827.913941	43.022032577031965	1	102
	1577584827.958541	22.42151967754696	0	54
	1577584829.078836	0.8926219945356936	1	406
	1577584829.08371	205.17066966687864	0	54
	1577584829.095176	87.21417283539881	0	118
	1577584829.1026	134.69616879154756	1	54
ds_on/off
	1577584902.873112	0.11561253720199129	0	102
	1577584902.889258	61.93505707239999	1	54
	1577584902.90268	74.50447633934915	1	102
	1577584902.947076	22.524469553356138	0	54
	1577584904.014156	0.9371368411080561	1	406
	1577584904.019	206.4430772259684	0	54
	1577584904.058277	25.46029780440576	0	118
	1577584904.060151	533.5585803332909	1	54
ds_on/off
	1577585041.968193	0.08499612600579058	0	102	
	1577585041.969906	583.7583855254002	1	54	
	1577585042.042418	13.790837681702653	1	102	
	1577585042.088095	21.89288193628871	0	54	
	1577585043.161956	0.9312191114762106	1	406	
	1577585043.167784	171.58828342333496	0	54	
	1577585043.178954	89.5262326574173	0	118	
	1577585043.192404	74.34863686319	1	54	
ds_on/off
	1577585136.477011	2.8011289187250643	0	102	
	1577585136.478774	567.1810682893847	1	54	
	1577585136.521012	23.675365067538202	1	102	
	1577585136.565514	22.47089014491977	0	54	
	1577585137.614721	0.9531007957155839	1	406	
	1577585137.619346	216.22352819878338	0	54	
	1577585137.632586	75.52813642338789	0	118	
	1577585137.844716	4.714088866610171	0	118	
	1577585137.947249	9.752970557185842	1	54	
ds_on/off
	1577585335.506021	0.31024904520638574	0	102	
	1577585335.517066	90.53887665673703	1	54	
	1577585335.538671	46.28555033216359	1	102	
	1577585335.584405	21.865604570904274	0	54	
	1577585336.711038	0.8876003556915946	1	406	
	1577585336.718375	136.2981834725246	0	54	
	1577585336.799787	12.28318988364908	0	118	
	1577585336.801554	565.9565510727298	1	54	
ds_on/off
	1577585395.136742	0.38169830146556427	0	102	
	1577585395.138576	545.2813312532502	1	54	
	1577585395.188127	20.181223295738867	1	102	
	1577585395.233657	21.963616560015918	0	54	
	1577585396.267195	0.967550201581417	1	406	
	1577585396.273435	160.25308524051505	0	54	
	1577585396.290042	60.216268986705714	0	118	
	1577585396.296626	151.8794901506373	1	54	
ds_on/off
	1577585041.968193	0.08499612600579058	0	102
	1577585041.969906	583.7583855254002	1	54
	1577585042.042418	13.790837681702653	1	102
	1577585042.088095	21.89288193628871	0	54
	1577585043.161956	0.9312191114762106	1	406
	1577585043.167784	171.58828342333496	0	54
	1577585043.178954	89.5262326574173	0	118
	1577585043.192404	74.34863686319	1	54
ds_on/off
	1577585136.477011	2.8011289187250643	0	102
	1577585136.478774	567.1810682893847	1	54
	1577585136.521012	23.675365067538202	1	102
	1577585136.565514	22.47089014491977	0	54
	1577585137.614721	0.9531007957155839	1	406
	1577585137.619346	216.22352819878338	0	54
	1577585137.632586	75.52813642338789	0	118
	1577585137.844716	4.714088866610171	0	118
	1577585137.947249	9.752970557185842	1	54
ds_on/off
	1577585335.506021	0.31024904520638574	0	102
	1577585335.517066	90.53887665673703	1	54
	1577585335.538671	46.28555033216359	1	102
	1577585335.584405	21.865604570904274	0	54
	1577585336.711038	0.8876003556915946	1	406
	1577585336.718375	136.2981834725246	0	54
	1577585336.799787	12.28318988364908	0	118
	1577585336.801554	565.9565510727298	1	54
ds_on/off
	1577585395.136742	0.38169830146556427	0	102
	1577585395.138576	545.2813312532502	1	54
	1577585395.188127	20.181223295738867	1	102
	1577585395.233657	21.963616560015918	0	54
	1577585396.267195	0.967550201581417	1	406
	1577585396.273435	160.25308524051505	0	54
	1577585396.290042	60.216268986705714	0	118
	1577585396.296626	151.8794901506373	1	54
ds_on/off
	1577588364.329333	0.16300154805270795	0	86
	1577588364.353908	40.69176813000242	1	54
	1577588364.359476	179.5968142502355	1	86
	1577588364.403401	22.76617779562947	0	54
	1577588365.223951	1.2186944759136422	1	86
	1577588365.228561	216.92805792604085	0	54
	1577588365.236124	132.22066704495302	0	86
	1577588365.24705	91.52473432692517	1	54
power_on/off
	1577588680.55299	0.09848179503192772	0	102
	1577588680.554718	578.6843267108168	1	54
	1577588680.586947	31.02800751601592	1	102
	1577588680.631314	22.539236601841054	0	54
	1577588681.678874	0.9545992805747209	1	406
	1577588681.683857	200.6844019138756	0	54
	1577588681.726118	23.66240917091664	0	118
	1577588681.740579	69.15245742172688	1	54
ds_on/off
	1577589741.289133	0.06704028661369482	0	86
	1577589741.290931	556.1999734783185	1	54
	1577589741.336628	21.883287159500593	1	86
	1577589741.38244	21.828279989591465	0	54
	1577589741.45068	14.654177395630619	1	86
	1577589741.457001	158.20398310199155	0	54
	1577589741.465279	154.36693533546796	0	86
	1577589741.480322	66.477065965068	1	54
power_on/off
	1577589973.320165	0.20350869361643284	0	102
	1577589973.323305	318.4741078208049	1	54
	1577589973.354516	32.03984447211422	1	102
	1577589973.400751	21.628596769868608	0	54
	1577589974.509426	0.9019775833741925	1	406
	1577589974.515481	165.1560875728461	0	54
	1577589974.528131	79.05130234837348	0	118
	1577589974.538756	94.11866080244143	1	54
ds_on/off
	1577590054.390231	0.09965081501996245	0	294
	1577590054.39583	178.60262306251065	1	54
	1577590054.583111	5.339566194873675	1	102
	1577590054.629992	21.330621004612652	0	54
	1577590055.396989	1.3037858961976911	1	86
	1577590055.40327	159.21287579714547	0	54
	1577590055.405273	499.2624687537198	0	86
	1577590055.406976	587.1908161836764	1	54
	1577590056.880667	0.6785683084650842	1	406
	1577590056.92603	22.044422019698736	0	54
	1577590056.933127	140.90449155104645	0	118
	1577590056.940456	136.4445022771633	1	54
	1577590058.10587	0.8580641030126014	1	102
	1577590058.111913	165.48189063363054	0	54
	1577590058.117251	187.3377104828264	0	102
	1577590058.143852	37.592464126625615	1	54
ds_on/off
	1577590110.380132	0.1976028842088154	0	310
	1577590110.385764	177.55922445178223	1	54
	1577590110.577151	5.225010464212394	1	102
	1577590110.623214	21.709423297895466	0	54
	1577590111.340218	1.3946922405998936	1	86
	1577590111.346369	162.57622388464668	0	54
	1577590112.013922	1.4980085145289865	1	406
	1577590112.020113	161.52439634921245	0	54
	1577590112.031291	89.46130876205102	0	118
	1577590112.03509	263.22982301995734	1	54
	1577590112.340121	3.2783546572476165	1	86
	1577590112.348879	114.1804322970545	0	86
	1577590112.352608	268.1780051150895	1	54
	1577590114.429386	0.48151513126822626	1	102
	1577590114.436903	133.0300358400203	0	102
	1577590114.441497	217.6710778971405	1	54
ds_on/off
	1577604602.404051	0.104996355308449	0	342
	1577604602.42889	40.25939221746559	1	54
	1577604602.658514	4.354944850708068	1	102
	1577604602.704233	21.87278823940467	0	54
	1577604603.271154	1.7639142094986247	1	86
	1577604603.277369	160.8985729630198	0	54
	1577604603.279454	479.62309891366493	0	86
	1577604603.281361	524.3535441930242	1	54
	1577604603.820666	1.8542384225703787	1	406
	1577604603.866259	21.933180289806568	0	54
	1577604603.867712	688.2678043977683	0	118
	1577604603.870288	388.217697149204	1	54
	1577604608.293832	0.22606307565034642	1	86
	1577604608.299755	168.83242764561444	0	54
	1577604608.301366	620.7346455527601	0	86
	1577604608.303165	555.9051027170311	1	54
ds_on/off
	1577604713.412243	0.06842646875481369	0	310
	1577604713.419239	142.93565976008725	1	54
	1577604713.61265	5.170340128004103	1	102
	1577604713.658355	21.879405949890714	0	54
	1577604714.243718	1.7083419205845576	1	86
	1577604714.245103	722.0354622138061	1	86
	1577604714.249858	210.30405134376252	0	54
	1577604714.251204	742.8806234502302	0	54
	1577604714.252228	976.5550640279395	0	86
	1577604714.287108	28.66978817063918	1	54
	1577604714.79994	1.949955694490031	1	406
	1577604714.846366	21.539738296255212	0	54
	1577604714.847013	1545.4325718496684	0	118
	1577604714.855292	120.78629229661627	1	54
	1577604717.216482	0.42351528967194385	1	102
	1577604717.222569	164.2827934667659	0	54
	1577604717.223792	817.603118908382	0	102
	1577604717.229416	177.81516025097508	1	54
ds_on/off
	1577604791.635879	0.5023325511853423	0	294
	1577604791.637531	605.3260210708615	1	54
	1577604791.835889	5.041388312615538	1	102
	1577604791.852673	59.58072076935097	1	86
	1577604791.85871	165.64527467319616	0	54
	1577604791.861626	342.95208503679476	0	86
	1577604791.870151	117.30022093576083	1	54
	1577604792.994472	0.8894257194622948	1	406
	1577604793.012978	54.036382375676375	0	118
	1577604793.014707	578.365140650855	1	54
	1577604795.40678	0.41804745720681413	1	102
	1577604795.414398	131.26890335503253	0	102
	1577604795.416224	547.6307611959786	1	54
ds_on/off
	1577604884.03942	0.26829101670192024	0	86
	1577604884.041144	580.0448070806251	1	54
	1577604884.069561	35.190066280728246	1	86
	1577604884.11522	21.90145581385634	0	54
	1577604884.701449	1.7058184773033591	1	86
	1577604884.707641	161.49951869392785	0	54
	1577604884.709561	520.7727837099578	0	86
	1577604884.751972	23.578871624204538	1	54
	1577604885.725948	1.0267192016355817	1	86
	1577604885.734654	114.86523346569903	0	86
	1577604885.950289	4.637464770979579	0	86
	1577604886.051678	9.863009575408695	1	54
aqmode_on
	1577605010.399663	0.11053949881165474	0	310
	1577605010.40154	532.7453321478471	1	54
	1577605010.604198	4.934423047285382	1	102
	1577605010.650303	21.689664801580324	0	54
	1577605011.404381	1.3261224984057014	1	86
	1577605011.410513	163.08192386951282	0	54
	1577605011.412819	433.65425971877585	0	86
	1577605011.428301	64.59035680736714	1	54
	1577605012.070045	1.5582540052287261	1	406
	1577605012.089182	52.25505195225874	0	118
	1577605012.090931	571.742639040349	1	54
	1577605014.362933	0.44014046116115413	1	102
	1577605014.373208	97.32241223287004	0	102
	1577605014.374917	585.1428571428571	1	54
ds_on/off
	1577605094.272242	0.40661448082467927	0	102
	1577605094.278573	157.95375461324093	1	54
	1577605094.313641	28.515997443672408	1	102
	1577605094.359194	21.95246594055364	0	54
	1577605095.404005	0.9571108938206472	1	406
	1577605095.410198	161.47464870067373	0	54
	1577605095.421928	85.25181406126141	0	118
	1577605095.429397	133.8835546475996	1	54
ds_on/off
	1577605184.501969	0.4766419203572487	0	342
	1577605184.503689	581.4116994732465	1	54
	1577605184.760468	3.894400139646001	1	102
	1577605184.806594	21.679799034455666	0	54
	1577605185.416238	1.6403010833258702	1	86
	1577605185.4223	164.96122079760875	0	54
	1577605185.424687	418.96953351313556	0	86
	1577605185.436476	84.82423605072097	1	54
	1577605185.912287	2.101674804178592	1	406
	1577605185.930524	54.8332374627412	0	118
	1577605185.934538	249.14190674190675	1	54
ds_on/off
	1577605273.649924	1.3131201374011434	0	102
	1577605273.65172	556.7906544537369	1	54
	1577605273.682727	32.25072854912997	1	102
	1577605273.727989	22.093656830416872	0	54
	1577605274.846997	0.8936486089153843	1	406
	1577605274.853812	146.73607612650434	0	54
	1577605274.864206	96.20845949169649	0	118
	1577605274.867988	264.40799344386306	1	54
ds_on/off
	1577605375.706252	0.08309720499410893	0	294
	1577605375.707953	587.9315951780208	1	54
	1577605375.899343	5.224932357352494	1	102
	1577605375.905463	163.39958705052788	1	86
	1577605375.911422	167.81243498439625	0	54
	1577605375.913851	411.6906164114645	0	86
	1577605375.946304	30.813735141568344	1	54
	1577605377.068856	0.8908273942065159	1	406
	1577605377.087078	54.878436195684884	0	118
	1577605377.088681	623.8738658337052	1	54
	1577605378.907217	0.5498928678138413	1	86
	1577605378.91413	144.65611312295223	0	86
	1577605378.915805	596.9689723882722	1	54
	1577605379.480373	1.7712664312750717	1	102
	1577605379.490298	100.75437795767374	0	102
	1577605379.491997	588.5916362615774	1	54
ds_on/off
	1577605473.758185	0.23090443401822494	0	102
	1577605473.772458	70.06153743360171	1	54
	1577605473.787923	64.66205195405843	1	102
	1577605473.833171	22.100525336832067	0	54
	1577605474.882417	0.9530652779674504	1	406
	1577605474.888605	161.59907532267385	0	54
	1577605474.899498	91.80318683242865	0	118
	1577605474.901342	542.3201448151021	1	54
ds_on/off
	1577605650.112539	0.06706935103081112	0	86
	1577605650.114224	593.5055893589926	1	54
	1577605650.142662	35.1641040258891	1	86
	1577605650.188351	21.887169746338053	0	54
	1577605650.291067	9.735584533751759	1	86
	1577605650.298388	136.59113557169374	0	54
	1577605650.298462	13530.012903225806	0	86
	1577605650.30316	212.8548084242578	1	86
	1577605650.305588	411.8523173605656	1	54
	1577605650.311781	161.47464870067373	0	86
	1577605650.319036	137.83450542228064	1	54
power_on/off
	1577605720.546645	0.10499550897615245	0	86
	1577605720.552809	162.23037054227586	1	54
	1577605720.573942	47.31947923012704	1	86
	1577605720.619827	21.79357359604273	0	54
	1577605721.084271	2.1531124696422363	1	86
	1577605721.090355	164.36648640175562	0	54
	1577605721.092825	404.85559845559845	0	86
	1577605721.104705	84.17395492584639	1	54
power_on/off
	1577605792.772872	0.16206932926940007	0	102
	1577605792.779312	155.28132982858835	1	54
	1577605792.803272	41.7360292946983	1	102
	1577605792.848565	22.078421670447906	0	54
	1577605793.966576	0.8944455841602907	1	406
	1577605793.972597	166.0913158832614	0	54
	1577605793.983957	88.02686366689053	0	118
	1577605793.986398	409.68001562805233	1	54
ds_on/off
	1577605908.605255	0.6954060435921999	0	102
	1577605908.607116	537.3179605431719	1	54
	1577605908.640567	29.894400729843767	1	102
	1577605908.693456	18.90756969237982	0	54
	1577605909.799445	0.9041681415280585	1	406
	1577605909.813454	71.38268831478267	0	54
	1577605909.853963	24.685881099660403	0	118
	1577605909.85881	206.3110673880964	1	54
ds_on/off
	1577606178.78506	9.262527466460552	0	342
	1577606178.786789	578.365140650855	1	54
	1577606179.042885	3.90478380479358	1	102
	1577606179.089623	21.39590783184464	0	54
	1577606179.650133	1.7840897441841572	1	86
	1577606179.656199	164.8510002751248	0	54
	1577606179.658981	359.43988345188103	0	86
	1577606179.676365	57.524776103026895	1	54
	1577606180.200719	1.907107758328669	1	406
	1577606180.218352	56.71197165959058	0	118
	1577606180.223486	194.78493475131194	1	54
ds_on/off
	1577606262.360532	0.12008636429695474	0	310
	1577606262.36234	553.1193459053145	1	54
	1577606262.562146	5.004855336275889	1	102
	1577606262.60901	21.338325820860593	0	54
	1577606263.189474	1.7227593532193426	1	86
	1577606263.195521	165.37097346528407	0	54
	1577606263.197737	451.2915859694427	0	86
	1577606263.23384	27.698521399750376	1	54
	1577606263.746891	1.9491238407875489	1	406
	1577606263.793067	21.65629195150664	0	54
	1577606263.794409	745.1241783620536	0	118
	1577606263.804656	97.58961353219014	1	54
	1577606266.163029	0.42402114978234856	1	102
	1577606266.169959	144.2977947500602	0	54
	1577606266.171143	844.6041079339509	0	102
	1577606266.175761	216.54726625019362	1	54
ds_on/off
	1577606339.279588	0.10279475343607734	0	102
	1577606339.281364	563.0694052893006	1	54
	1577606339.325655	22.57794046401464	1	102
	1577606339.371693	21.721228191012806	0	54
	1577606340.467806	0.9123145268924043	1	406
	1577606340.473995	161.58039910624856	0	54
	1577606340.485692	85.49161248241984	0	118
	1577606340.487389	589.253161000281	1	54
ds_on/off
	1577606469.988136	0.22517283070640895	0	294
	1577606469.99429	162.49434371610104	1	54
	1577606470.181588	5.339090409173303	1	102
	1577606470.2274	21.828279989591465	0	54
	1577606470.808098	1.7220654748023505	1	86
	1577606470.814261	162.26175093814075	0	54
	1577606470.886377	13.866522082670748	0	86
	1577606470.889389	332.01171534868996	1	54
	1577606471.358424	2.1320374629881433	1	406
	1577606471.364609	161.6800555084419	0	54
	1577606471.377271	78.97687730662047	0	118
	1577606471.379033	567.4880259775402	1	54
	1577606473.767308	0.4187122665915688	1	102
	1577606473.775343	124.45636627993234	0	102
	1577606473.777138	557.0864656660912	1	54
ds_on/off
	1577606634.387337	0.3838479976923201	0	102
	1577606634.389152	550.9397083935373	1	54
	1577606634.421873	30.561373340522582	1	102
	1577606634.502698	12.372432183691048	0	54
	1577606635.587263	0.9220285091479526	1	406
	1577606635.593663	156.25317587452966	0	54
	1577606635.633733	24.956290980924162	0	118
	1577606635.639249	181.28907330567083	1	54
ds_on/off
	1577607161.775122	4.015693963874778	1	102
	1577607161.821145	21.72820472971223	0	54
	1577607162.390154	1.7574419801256684	1	86
	1577607162.399568	106.22255989464621	0	54
	1577607162.936924	1.8609640284067062	1	406
	1577607162.943015	164.17347737591984	0	54
	1577607162.98392	24.446889862911497	0	118
	1577607162.990399	154.3498932803415	1	54
	1577607163.39711	2.458747735759466	1	86
	1577607163.403279	162.09870531400966	0	54
	1577607163.406293	331.8015979748438	0	86
	1577607163.411335	198.33100056742956	1	54
ds_on/off
	1577606846.568439	0.3203925708532641	0	102
	1577606846.572891	224.61864724468484	1	54
	1577606846.601158	35.37705802968961	1	102
	1577606846.65071	20.180737789710207	0	54
	1577606847.704227	0.9492017009258232	1	406
	1577606847.720085	63.059913099694796	0	54
	1577606847.780279	16.61294717830096	0	118
	1577606847.783083	356.628177876031	1	54
	1577606858.494568	0.09335773576044369	1	86
	1577606858.500728	162.3433968106518	0	54
	1577606858.501435	1414.1281186783547	0	86
	1577606858.50254	904.919956850054	1	54
ds_on/off
	1577607161.521467	0.657606135958132	0	342
	1577607161.526099	215.8896438130533	1	54
	1577607161.775122	4.015693963874778	1	102
	1577607161.821145	21.72820472971223	0	54
	1577607162.390154	1.7574419801256684	1	86
	1577607162.399568	106.22255989464621	0	54
	1577607162.936924	1.8609640284067062	1	406
	1577607162.943015	164.17347737591984	0	54
	1577607162.98392	24.446889862911497	0	118
	1577607162.990399	154.3498932803415	1	54
	1577607163.39711	2.458747735759466	1	86
	1577607163.403279	162.09870531400966	0	54
	1577607163.406293	331.8015979748438	0	86
	1577607163.411335	198.33100056742956	1	54
ds_on/off
	1577607285.70744	0.21544054320777375	0	102
	1577607285.713792	157.42611567766392	1	54
	1577607285.738036	41.247605373404404	1	102
	1577607285.783477	22.00648498903428	0	54
	1577607286.903515	0.8928268245852297	1	406
	1577607286.910175	150.15049760148923	0	54
	1577607286.94945	25.461534258882665	0	118
	1577607286.951189	575.0348231423087	1	54
ds_on/off
	1577607356.047734	0.06949716118708123	0	342
	1577607356.049507	564.0537923614846	1	54
	1577607356.308165	3.866106364602527	1	102
	1577607356.35304	22.284168973376758	0	54
	1577607356.910418	1.794114413770477	1	86
	1577607356.916538	163.39958705052788	0	54
	1577607356.917198	1515.2832369942196	0	86
	1577607356.925417	121.66924839729643	1	86
	1577607356.92832	344.473061760841	1	54
	1577607356.94946	47.3034691207651	0	86
	1577607356.951259	555.9051027170311	1	54
	1577607357.468282	1.934149607664469	1	406
	1577607357.486801	53.99881556247908	0	118
	1577607357.488494	590.663850161949	1	54
ds_on/off
	1577607480.13098	0.3731704053365372	0	102
	1577607480.13557	217.86328693122792	1	54
	1577607480.167368	31.448631626302767	1	102
	1577607480.212799	22.011335488475588	0	54
	1577607481.32803	0.8966751880978737	1	406
	1577607481.334564	153.04885969713555	0	54
	1577607481.346112	86.59476422495665	0	118
	1577607481.349741	275.56034426121806	1	54
ds_on/off
	1577607620.510591	0.14075169649878516	0	310
	1577607620.512273	594.5150956768249	1	54
	1577607620.718007	4.860644956432355	1	102
	1577607620.763718	21.87666710131699	0	54
	1577607621.899661	0.880325726294792	1	406
	1577607621.905846	161.6800555084419	0	54
	1577607621.944153	26.104922481343863	1	86
	1577607621.947194	328.8360642885143	0	118
	1577607621.949618	412.5409658699715	1	54
	1577607621.950098	2083.6085444610035	0	54
	1577607621.952497	416.8459550785132	0	86
	1577607622.007391	18.216936961979133	1	54
	1577607624.22068	0.4518162742681489	1	102
	1577607624.230389	102.9959482356408	0	102
	1577607624.232184	557.1604675876727	1	54
ds_on/off
	1577607713.853842	0.10575109363389008	0	102
	1577607713.856046	453.7325832972739	1	54
	1577607713.900962	22.26370546520022	1	102
	1577607713.946843	21.795612093245616	0	54
	1577607715.055716	0.9018164242108765	1	406
	1577607715.061892	161.91723285979	0	54
	1577607715.074954	76.55795276165443	0	118
	1577607715.081274	158.2278557416629	1	54
ds_on/off
	1577607793.856734	0.07130854844390574	0	310
	1577607793.858406	598.0755739341223	1	54
	1577607794.057894	5.0128347473984505	1	102
	1577607794.061898	249.75014886268906	1	86
	1577607794.068199	158.70682609353716	0	54
	1577607794.086153	55.69754996348184	0	86
	1577607794.094152	125.01651266766021	1	54
	1577607795.212267	0.8943624280713067	1	406
	1577607795.258027	21.853072963341184	1	86
	1577607795.258106	12671.61329305136	0	54
	1577607795.260467	423.5387256386953	0	118
	1577607795.264354	257.27191314481996	0	54
	1577607795.265167	1230.0011730205279	0	86
	1577607795.272878	129.68598107723702	1	54
	1577607795.319439	21.477200690251983	1	54
	1577607797.633629	0.4321166090432752	1	102
	1577607797.644263	94.03847361104883	0	102
	1577607797.64596	589.253161000281	1	54
ds_on/off
	1577607975.455125	0.06954899897491476	0	102
	1577607975.477207	45.286056706039865	1	54
	1577607975.486752	104.765929811415	1	102
	1577607975.532198	22.004175978679424	0	54
	1577607976.147676	1.6247533412718642	1	86
	1577607976.153648	167.45065474289365	0	54
	1577607976.154317	1494.7626514611547	0	86
	1577607976.155397	925.8949227373068	1	54
	1577607976.651155	2.0171129578331795	1	406
	1577607976.696108	22.24540300296478	0	54
	1577607976.698506	417.01173195466293	0	118
	1577607976.70064	468.6373184357542	1	54
	1577607991.235484	0.06880018838796702	1	86
	1577607991.241471	167.02389295954126	0	54
	1577607991.242624	867.3085194375517	0	86
	1577607991.2453	373.6906628652887	1	54
ds_on/off
	1577689998.306485	0.09067721000005037	0	86
	1577689998.308348	536.7678525723061	1	54
	1577689998.336356	35.7041047380697	1	86
	1577689998.3801	22.860232400967973	0	54
	1577689998.429066	20.42236266786121	1	86
	1577689998.433626	219.29854648122975	0	54
	1577689998.437821	238.3804489911907	0	86
	1577689998.439606	560.2115667156404	1	54
power_on/off
	1577690042.518321	0.09555692721675718	0	86
	1577690042.522412	244.43755463605106	1	54
	1577690042.550966	35.02140877058215	1	86
	1577690042.594404	23.02134012470361	0	54
	1577690043.15522	1.7831158732999663	1	86
	1577690043.159948	211.50239523977612	0	54
	1577690043.163483	282.9019290435721	0	86
	1577690043.172597	109.72098255159966	1	54
power_on/off
	1577690091.351852	0.07886980873445584	0	102
	1577690091.358912	141.64203701202214	1	54
	1577690091.402755	22.808642076012422	1	102
	1577690091.446894	22.65574833092064	0	54
	1577690092.416949	1.030869273916572	1	230
	1577690092.421487	220.35851633918253	0	54
	1577690092.426275	208.85887859774923	0	102
	1577690092.439672	74.64369738926163	1	54
ds_on/off
	1577690141.618353	0.42511641710202297	0	294
	1577690141.62319	206.73817034700315	1	54
	1577690141.817204	5.154265293934039	1	102
	1577690141.861177	22.741243575007047	0	54
	1577690142.423196	1.7792989289770111	1	86
	1577690142.427756	219.29854648122975	0	54
	1577690142.432537	209.16092355258564	0	86
	1577690142.438914	156.8139978315325	1	54
	1577690142.922034	2.0698792707288765	1	262
	1577690142.941283	51.950852160126836	0	102
	1577690142.95537	70.9876279935686	1	54
	1577690145.612385	0.37636218385153564	1	102
	1577690145.619793	134.99095619709698	0	102
	1577690145.623391	277.9341329269101	1	54
ds_on/off
	1577690450.498727	0.11617679197468782	0	102
	1577690450.517325	53.76968143067752	1	54
	1577690450.547576	33.05672987500197	1	102
	1577690450.591255	22.89429758246317	0	54
	1577690451.669979	0.9270210589154994	1	310
	1577690451.675018	198.45299266619352	0	54
	1577690451.692831	56.13887810688903	0	118
	1577690451.698821	166.9441171787932	1	54
ds_on/off
	1577690518.21549	1.4446354488670905	0	102
	1577690518.217426	516.5399014778325	1	54
	1577690518.260797	23.05690145180885	1	102
	1577690518.304719	22.767660757129985	0	54
	1577690519.30418	1.0005393551545154	1	310
	1577690519.308677	222.36793553175698	0	54
	1577690519.327204	53.97518916971226	0	118
	1577690519.342708	64.49897737932307	1	54
ds_on/off
	1577690647.416375	0.11822873160364325	0	86
	1577690647.418078	587.1908161836764	1	54
	1577690647.452235	29.276543468397726	1	86
	1577690647.496252	22.71845564697407	0	54
	1577690647.996171	2.000324301844896	1	86
	1577690648.000632	224.16247127358238	0	54
	1577690648.011006	96.39419010847583	0	86
	1577690648.022847	84.45360824742268	1	54
power_on/off
	1577690699.363874	0.0809879332863815	1	86
	1577690699.408189	22.56567189071991	0	54
	1577690700.08626	1.4747717680085626	0	86
	1577690700.08822	510.25596107055964	1	54
	1577690700.138896	19.733165216818552	1	86
	1577690700.143539	215.37968573482593	0	54
	1577690700.36513	4.512818747175658	1	86
	1577690700.369808	213.76606696906376	0	54
	1577690700.374303	222.46228916940703	0	86
	1577690700.378276	251.6985117618819	1	54
power_on/off
	1577690770.108151	0.10004361862310793	0	310
	1577690770.110066	522.199203187251	1	54
	1577690770.310628	4.985989363042636	1	102
	1577690770.341458	32.4357865920146	1	86
	1577690770.345959	222.1794681640004	0	54
	1577690770.349878	255.1590217788052	0	86
	1577690770.369401	51.22188435000305	1	54
	1577690771.386681	0.9830134279182766	1	358
	1577690771.404846	55.05130661906574	0	118
	1577690771.451381	21.489194700330973	1	54
	1577690773.303781	0.5398401885107836	1	102
	1577690773.312313	117.2051640306265	0	102
	1577690773.328942	60.135977174645504	1	54
	1577690775.460716	0.4690928888703979	1	86
	1577690775.467127	155.98006693938268	0	86
	1577690775.471816	213.2660802359282	1	54
ds_on/off
	1577690873.177795	0.13738309608134114	0	342
	1577690873.179933	467.69669937555756	1	54
	1577690873.435086	3.919218007286563	1	102
	1577690873.47956	22.485104831749197	0	54
	1577690874.04222	1.7772715562244912	1	86
	1577690874.047341	195.27464034638484	0	54
	1577690874.059509	82.18324320087781	0	86
	1577690874.08545	38.54917098636079	1	54
	1577690874.591582	1.9757686756431854	1	358
	1577690874.621923	32.95880055634572	0	118
	1577690874.625376	289.601878063937	1	54
ds_on/off
	1577690954.731201	0.07489423875059895	0	294
	1577690954.740248	110.53349496653139	1	54
	1577690954.93739	5.072482627341046	1	102
	1577690954.981224	22.81335632271434	0	54
	1577690955.540183	1.7890399600075753	1	86
	1577690955.544732	219.8272536687631	0	54
	1577690955.549903	193.39284396901513	0	86
	1577690955.576925	37.00671437016384	1	54
	1577690956.077109	1.999264034350148	1	358
	1577690956.116353	25.48164348940772	0	118
	1577690956.118395	489.70274372446	1	54
	1577690956.526189	2.452218529804515	1	86
	1577690956.532607	155.81202867862848	0	86
	1577690956.534359	570.8089275993468	1	54
	1577690958.684038	0.4651857441661629	1	102
	1577690958.695437	87.72675744075632	0	102
	1577690958.697189	570.731255953191	1	54
ds_on/off
	1577691007.3949	0.11285987892847824	0	86
	1577691007.396973	482.4366229583621	1	54
	1577691007.42634	34.0515851430891	1	86
	1577691007.470163	22.819065650383283	0	54
	1577691007.728299	3.873929989840214	1	86
	1577691007.732814	221.47555180061252	0	54
	1577691007.73645	275.0363278688525	0	86
	1577691007.774988	25.9484286067805	1	54
power_on/off
	1577691083.763765	0.16156839880295507	0	86
	1577691083.769245	182.4879916463627	1	54
	1577691083.793214	41.72025384447053	1	86
	1577691083.837305	22.680372679539936	0	54
	1577691084.436141	1.6699064378707649	1	86
	1577691084.440747	217.10771779077592	0	54
	1577691084.444748	249.94362672069602	0	86
	1577691084.446488	574.7196492189642	1	54
power_on/off
	1577691265.060857	0.16760362449934843	0	102
	1577691265.066432	179.37407518282512	1	54
	1577691265.090604	41.370064605217735	1	102
	1577691265.134539	22.760988951355575	0	54
	1577691266.252253	0.8946831218978194	1	358
	1577691266.256937	213.49404458922936	0	54
	1577691266.281111	41.366800469460415	0	118
	1577691266.282938	547.3449040845621	1	54
ds_on/off
	1577691390.061603	0.09591922110455944	0	102
	1577691390.068716	140.58805389823692	1	54
	1577691390.091938	43.06266940451745	1	102
	1577691390.136131	22.6280029564251	0	54
	1577691391.248412	0.8990535114562068	1	358
	1577691391.253063	215.00430592577405	0	54
	1577691391.266894	72.30062745638833	0	118
	1577691391.272832	168.41212607910057	1	54
ds_on/off
	1577691475.743207	0.1784856315224823	0	342
	1577691475.74926	165.20812982511424	1	54
	1577691475.997758	4.024177856920816	1	102
	1577691476.042447	22.37678190354247	0	54
	1577691476.614147	1.7491695800003586	1	86
	1577691476.618655	221.8269515548974	0	54
	1577691476.623636	200.7612483247176	0	86
	1577691476.636855	75.64937594690137	1	54
	1577691477.150679	1.946190841873015	1	358
	1577691477.17837	36.112963218074114	0	118
	1577691477.181732	297.4472732430324	1	54
ds_on/off
	1577691569.713695	0.11496764802560529	0	86
	1577691569.73057	59.259158790036594	1	54
	1577691569.774123	22.960596472404394	1	86
	1577691569.818737	22.414450233800935	0	54
	1577691570.037682	4.567356548138888	1	86
	1577691570.042251	218.8637027760384	0	54
	1577691570.046122	258.33357969943336	0	86
	1577691570.049649	283.53302237544784	1	54
power_on/off
	1577691655.981765	0.24153865441162795	0	86
	1577691655.990639	112.68952176249329	1	54
	1577691656.044717	18.49177321223878	1	86
	1577691656.089478	22.340905822382965	0	54
	1577691656.873416	1.2756111936653494	1	86
	1577691656.878043	216.1232544958005	0	54
	1577691656.883019	200.9632504431987	0	86
	1577691656.886056	329.2749254200031	1	54
power_on/off
	1577691748.940975	0.15203395744416165	0	86
	1577691748.948496	132.95834654155837	1	54
	1577691748.979063	32.71509355963403	1	86
	1577691749.022848	22.838946457061645	0	54
	1577691749.388835	2.732337021134665	1	86
	1577691749.393763	202.9174649250121	0	54
	1577691749.399406	177.2141287814771	0	86
	1577691749.414818	64.884117383166	1	54
power_on/off
	1577691820.348932	0.44077738078461304	0	86
	1577691820.350668	576.0615300096141	1	54
	1577691820.379358	34.8552291519508	1	86
	1577691820.424105	22.347928943638706	0	54
	1577691821.082308	1.5192878338278932	1	86
	1577691821.086888	218.33961478396668	0	54
	1577691821.0918	203.58722454130668	0	86
	1577691821.093876	481.7163202021362	1	54
power_on/off
	1577691896.87256	0.2926305629702096	0	310
	1577691896.879487	144.3623597439251	1	54
	1577691897.070239	5.242408183263506	1	102
	1577691897.114601	22.541901573089262	0	54
	1577691897.698181	1.7135610725444823	1	86
	1577691897.702821	215.51248586990033	0	54
	1577691897.706509	271.14254315081774	0	86
	1577691897.736548	33.29024065020001	1	54
	1577691898.239371	1.9887709442373682	1	358
	1577691898.268352	34.50540084735305	0	118
	1577691898.2701	572.0545553737043	1	54
	1577691898.676284	2.461938686086828	1	86
	1577691898.685785	105.25229611041405	0	86
	1577691898.697706	83.88608	1	54
	1577691900.650618	0.5120558185847164	1	102
	1577691900.658323	129.78630442182134	0	102
	1577691900.660604	438.41371380788127	1	54
ds_on/off
	1577691958.102066	0.24496583225460397	0	294
	1577691958.107532	182.94966413678793	1	54
	1577691958.298795	5.2284038568214255	1	102
	1577691958.3432	22.519994845582236	0	54
	1577691959.056319	1.4022904423146747	1	86
	1577691959.060849	220.75284210526317	0	54
	1577691959.064531	271.5814555814556	0	86
	1577691959.082046	57.0941017927392	1	54
	1577691959.448839	2.726333996558854	1	358
	1577691959.478094	34.182013772869894	0	118
	1577691959.489415	88.33275066866037	1	54
	1577691961.252404	0.567218499341133	1	102
	1577691961.258779	156.86091476868992	0	102
	1577691961.266243	133.97764006899635	1	54
ds_on/off
	1577692016.985201	0.45674013108820194	0	102
	1577692016.986943	574.0117695360614	1	54
	1577692017.016859	33.42687504482893	1	102
	1577692017.061495	22.40343558544363	0	54
	1577692018.157677	0.9122573797447431	1	358
	1577692018.162357	213.66805909322466	0	54
	1577692018.175155	78.13823167778233	0	118
	1577692018.189505	69.6855571616076	1	54
ds_on/off
	1577692097.784163	0.1306893293914173	0	102
	1577692097.785853	591.747178329571	1	54
	1577692097.830597	22.349357915489957	1	102
	1577692097.874822	22.611656504558123	0	54
	1577692098.95241	0.9279983857449955	1	358
	1577692098.957393	200.6844019138756	0	54
	1577692098.980535	43.211291402668316	0	118
	1577692098.986377	171.17512141370443	1	54
ds_on/off
	1577692275.993825	0.21371385025237705	0	310
	1577692275.995525	588.2614305750351	1	54
	1577692276.192888	5.066802287023089	1	102
	1577692276.237129	22.603492131924984	0	54
	1577692276.817236	1.723819994287229	1	86
	1577692276.8218	219.10379773285274	0	54
	1577692276.826539	211.01292951652664	0	86
	1577692276.857173	32.643546479048624	1	54
	1577692277.356267	2.0036305408741577	1	358
	1577692277.394508	26.150005611182465	0	118
	1577692277.410487	62.58193700481939	1	54
	1577692279.768509	0.4240842582415166	1	102
	1577692279.775921	134.91279873910386	0	102
	1577692279.780928	199.7287619047619	1	54
ds_on/off
	1577692412.038557	0.22080148815944398	0	86
	1577692412.047938	106.59780923577401	1	54
	1577692412.067655	50.71771121778982	1	86
	1577692412.111383	22.86870801709849	0	54
	1577692412.512995	2.489965170322289	1	86
	1577692412.517492	222.36793553175698	0	54
	1577692412.527208	102.92265410286612	0	86
	1577692412.530079	348.33518810730004	1	54
power_on/off
	1577692503.078581	0.20320877999849615	0	86
	1577692503.080374	557.7531914893617	1	54
	1577692503.112383	31.241324345461994	1	86
	1577692503.157193	22.316418990460075	0	54
	1577692503.212411	18.110042702751716	1	86
	1577692503.217072	214.54240409207162	0	54
	1577692503.222048	200.9632504431987	0	86
	1577692503.266025	22.73914764194673	1	54
power_on/off
