	1577928551.271401	0.06673146606216647	0	222	
	1577928551.419292	6.761734644526842	1	255	
	1577928551.464845	21.95246594055364	0	54	
	1577928551.477269	80.48942621377854	1	260	
	1577928551.482814	180.33812021669962	0	54	
	1577928551.484454	609.8144809537656	0	114	
	1577928551.535107	19.742174776657535	1	54	
power_on/off
	1577928620.380569	0.460288389318814	0	222
	1577928620.508897	7.792526479478752	1	255	
	1577928620.553416	22.46234589719696	0	54	
	1577928620.55843	199.44384213029005	1	260	
	1577928620.563962	180.76559065638065	0	54	
	1577928620.565406	692.4721809476639	0	114	
	1577928620.781727	4.622759876382649	1	54	
power_on/off
	1577928682.816035	0.09290166648282595	0	222	
	1577928682.883998	14.713913357679342	1	255	
	1577928682.928845	22.298029792346707	0	54	
	1577928682.935712	145.6203867652675	1	260	
	1577928682.941162	183.48589177129358	0	54	
	1577928682.942937	563.4476088124665	0	114	
	1577928683.061756	8.416162516077637	1	54	
power_on/off
	1577928712.980789	0.09835913721228431	0	222
	1577928713.118732	7.249369571792767	1	255	
	1577928713.163756	22.21041706381987	0	54	
	1577928713.168979	191.45953348244853	1	260	
	1577928713.174491	181.4223798607206	0	54	
	1577928713.176046	643.1008892977615	0	114	
	1577928713.282146	9.425063368508098	1	54	
power_on/off
	1577928755.312212	0.09168217270563357	0	222	
	1577928755.394728	12.118868409723285	1	255	
	1577928755.440242	21.971210057621793	0	54	
	1577928755.447405	139.60537877779257	1	260	
	1577928755.452802	185.29351475525712	0	54	
	1577928755.453391	1697.4115742614326	0	114	
power_on/off
	1577928785.687102	0.08506927796223668	0	222	
	1577928785.766591	12.580358187287981	1	255	
	1577928785.812077	21.984799404555986	0	54	
	1577928785.816671	217.68237492215073	1	260	
	1577928785.822081	184.83624184734708	0	54	
	1577928785.822436	2816.859637340497	0	114	
	1577928786.032586	4.758505751429774	1	54	
power_on/off
	1577928836.479686	0.08192879934507029	0	222	
	1577928836.588179	9.217176900273156	1	255	
	1577928836.633408	22.10972884072028	0	54	
	1577928836.644254	92.2007430041107	1	260	
	1577928836.649727	182.71057675553232	0	54	
	1577928836.650395	1497.4309175294538	0	114	
	1577928836.786969	7.32203626536879	1	54	
power_on/off
	1577928866.83724	0.07089044383598689	0	222
	1577928867.004594	5.975353808192793	1	54	
	1577928867.011626	142.20872041771207	1	255	
	1577928867.056473	22.298029792346707	0	54	
	1577928867.061952	182.51181410730604	1	260	
	1577928867.067412	183.15737991266374	0	54	
	1577928867.067958	1830.7743343518114	0	114	
	1577928867.291929	4.464865946634135	1	54	
power_on/off
	1577928921.107524	0.742628228032593	0	222
	1577928921.187077	12.570216081757424	1	255	
	1577928921.231868	22.325922061884206	0	54	
	1577928921.236307	225.28220002148458	1	260	
	1577928921.241723	184.63283003917772	0	54	
	1577928921.257145	64.84299053861851	0	114	
	1577928921.28329	38.248258252781326	1	54	
power_on/off
	1577928969.875803	0.06482210203613195	0	222	
	1577928970.021782	6.850303782583132	1	255	
	1577928970.066856	22.185745871549926	0	54	
	1577928970.07303	161.96725362990423	1	260	
	1577928970.078725	175.5894000921003	0	54	
	1577928970.079028	3302.6015748031496	0	114	
	1577928970.292067	4.6939726999354265	1	54	
power_on/off
	1577929056.567842	0.098766636815904	0	242	
	1577929056.632302	15.513487322693395	1	255	
	1577929056.677458	22.145450321545106	0	54	
	1577929056.685181	129.48579896270684	1	260	
	1577929056.690958	173.0966117783005	0	54	
	1577929056.692325	731.4795953958842	0	114	
	1577929056.790968	10.137584655023227	1	54	
	1577929057.619314	1.207224979744325	0	225	
	1577929057.791643	5.802855561704482	1	255	
	1577929057.836548	22.269142960296474	0	54	
	1577929057.955918	8.377315378869284	1	260	
	1577929057.961619	175.41315712433607	0	54	
	1577929057.963376	569.1050203527816	0	114
	1577929057.961619	175.41315712433607	0	54
moshi
	1577929125.178913	0.22800124157628002	0	242	
	1577929125.205872	37.093443231865855	1	255	
	1577929125.251067	22.126407858156476	0	54	
	1577929125.256562	181.9812565081569	1	260	
	1577929125.262041	182.51181410730604	0	54	
	1577929125.262089	20867.18407960199	0	114	
	1577929125.301401	25.437599311039143	1	54	
	1577929126.231012	1.0757185299476388	0	225	
	1577929126.365577	7.43135969497135	1	255	
	1577929126.411038	21.996905762100305	0	54	
	1577929126.439585	35.02989100931223	1	260	
	1577929126.445124	180.53994490358127	0	54	
	1577929126.446607	674.2170069120721	0	114
	1577929126.445124	180.53994490358127	0	54
moshi
	1577929191.209682	0.08022646170042715	0	242	
	1577929191.290336	12.398655579434031	1	54	
	1577929191.307464	58.383964365256126	1	255	
	1577929191.35231	22.298503971334092	0	54	
	1577929191.357046	211.15102698348772	1	260	
	1577929191.362667	177.89812105017603	0	54	
	1577929191.363051	2605.1577639751554	0	114	
	1577929191.554021	5.236426104825802	1	54	
	1577929192.26128	1.4139088340985553	0	225	
	1577929192.312834	19.397150296208256	1	255	
	1577929192.357457	22.410019127814408	0	54	
	1577929192.376394	52.80636551342096	1	260	
	1577929192.38192	180.96056605401674	0	54	
	1577929192.382302	2618.167290886392	0	114	
	1577929192.644891	3.8082329590749042	1	54	
moshi
	1577929321.434083	0.5627366849134186	0	242
	1577929321.635652	4.961078347184077	1	54	
	1577929321.635653	1048576.0	1	255	
	1577929321.680433	22.33138999366418	0	54	
	1577929321.68861	122.29361168615331	1	260	
	1577929321.69413	181.16378714581893	0	54	
	1577929321.694744	1628.223602484472	0	114	
	1577929321.799779	9.520651552157767	1	54	
	1577929322.48159	1.4666819128985569	0	225	
	1577929322.591885	9.06658942394366	1	255	
	1577929322.6365	22.414090889658414	0	54	
	1577929322.641355	205.96660773914752	1	260	
	1577929322.647002	177.0869326578003	0	54	
	1577929322.648794	558.0500266098989	0	114	
	1577929322.800467	6.593127861884454	1	54	
moshi
	1577929396.892105	0.07349083388318972	0	242	
	1577929397.045273	6.528780433134662	1	255	
	1577929397.090742	21.99298414879058	0	54	
	1577929397.097386	150.51690231823727	1	260	
	1577929397.102949	179.75845369219562	0	54	
	1577929397.104494	647.1692640024687	0	114	
	1577929397.301608	5.073206605092675	1	54	
	1577929397.957682	1.5242187491482764	0	225	
	1577929398.00407	21.557229937399136	1	255	
	1577929398.048848	22.33246011969416	0	54	
	1577929398.059927	90.26025952785729	1	260	
	1577929398.06548	180.0826070155854	0	54	
	1577929398.066936	686.8026854429344	0	114	
	1577929398.313779	4.051156388994866	1	54	
moshi
	1577929452.044782	0.07303633266331332	0	242	
	1577929452.321046	3.619723560845611	1	255	
	1577929452.366115	22.188210524088387	0	54	
	1577929452.396098	33.35244956543175	1	260	
	1577929452.401688	178.8844628310658	0	54	
	1577929452.402122	2304.5626373626374	0	114	
	1577929452.555604	6.5154236893203885	1	54	
	1577929453.131063	1.7377432519213638	0	225	
	1577929453.356017	4.445350737552542	1	255	
	1577929453.40104	22.210887523829697	0	54	
	1577929453.405914	205.17066966687864	1	260	
	1577929453.411532	178.0038195475958	0	54	
	1577929453.413861	429.348346811342	0	114	
	1577929453.554292	7.12093852396394	1	54	
moshi
	1577929491.079004	0.10758444888961222	0	242	
	1577929491.211347	7.556120031634681	1	54	
	1577929491.219133	128.4390004899559	1	255	
	1577929491.264184	22.197017326601678	0	54	
	1577929491.268927	210.8326128480949	1	260	
	1577929491.274498	179.50457930326115	0	54	
	1577929491.276089	628.5484789450022	0	114	
	1577929491.299247	43.18148498949883	1	54	
	1577929492.13451	1.1972276797017252	0	225	
	1577929492.291407	6.373605400000608	1	255	
	1577929492.336289	22.280736050316605	0	54	
	1577929492.341869	179.2054689168981	1	260	
	1577929492.347579	175.13482817654182	0	54	
	1577929492.348235	1524.6470374409305	0	114	
	1577929492.554264	4.853681483170147	1	54	
moshi
	1577929589.942339	0.06103619609016555	0	265	
	1577929590.079805	7.27452850804927	1	54	
	1577929590.11724	26.712930057192352	1	255	
	1577929590.162417	22.13516565867663	0	54	
	1577929590.167813	185.3180753766624	1	292	
	1577929590.173262	183.5260348297891	0	54	
	1577929590.175114	539.9464469618949	0	114	
	1577929590.179984	205.33137514074508	1	292	
	1577929590.186958	143.39010632115142	0	114	
	1577929590.190572	276.70563398865283	1	54	
gnhx
	1577929645.028104	0.12769535569971238	0	265	
	1577929645.205229	5.6457311459169	1	255	
	1577929645.250549	22.06529676041371	0	54	
	1577929645.258091	132.59267220940157	1	292	
	1577929645.263476	185.70371026299478	0	54	
	1577929645.26419	1400.4353923205342	0	114	
	1577929645.275837	85.85912263822644	1	292	
	1577929645.281758	168.88681296557277	0	114	
	1577929645.34454	15.928119790222803	1	54	
gnhx
	1577929702.042465	0.09095457870199398	0	265	
	1577929702.258899	4.620346115290982	1	255	
	1577929702.303886	22.22866197817573	0	54	
	1577929702.308613	211.5450648106118	1	292	
	1577929702.314174	179.82781684102213	0	54	
	1577929702.315897	580.3658502836585	0	114	
	1577929702.342495	37.596844747221226	1	292	
	1577929702.349681	139.16071665560716	0	114	
	1577929702.62296	3.659261430655304	1	54	
gnhx
	1577929760.270173	0.1119669588470364	0	265	
	1577929760.500205	4.347221876736068	1	255	
	1577929760.546382	21.65584469227592	0	54	
	1577929760.550978	217.5807438916844	1	292	
	1577929760.556365	185.6297410931622	0	54	
	1577929760.558255	529.1161851898574	0	114	
	1577929760.568928	93.69396416923558	1	292	
	1577929760.574993	164.88340278323767	0	114	
	1577929760.597952	43.55591555292481	1	54	
gnhx
	1577929899.784932	0.05156508736489242	0	265	
	1577929899.941586	6.38348996659336	1	255	
	1577929899.986354	22.337336436403916	0	54	
	1577929899.995028	115.28830983205519	1	292	
	1577929900.000466	183.88811434083038	0	54	
	1577929900.001145	1473.2363891815946	0	114	
	1577929900.013087	83.7370280899998	1	292	
	1577929900.019927	146.19903098748648	0	114	
	1577929900.024277	229.88785968758563	1	54	
gnhx
	1577929942.146228	0.10433771905570412	0	254	
	1577929942.355045	4.788882012965809	1	255	
	1577929942.400796	21.857514343931253	0	54	
	1577929942.407561	147.81688105726872	1	276	
	1577929942.413201	177.30402434900236	0	54	
	1577929942.414518	759.2874728457639	0	114	
	1577929942.636151	4.511964337195943	1	54
tjsw
	1577929948.318229	0.1759919558120173	0	254	
	1577929948.45325	7.406256897614242	1	255	
	1577929948.498746	21.97996059195908	0	54	
	1577929948.50368	202.6723363131191	1	276	
	1577929948.509427	174.00141049574776	0	54	
	1577929948.509835	2451.375803623612	0	114	
	1577929948.607268	10.263453595129494	1	54
tjsw
	1577929952.321485	0.26923575389373405	0	254	
	1577929952.482761	6.2005558512210985	1	255	
	1577929952.527788	22.20888820642073	0	54	
	1577929953.855385	0.753240549348047	1	255	
	1577929953.860866	182.44830136152072	0	54	
	1577929953.900995	24.919667524195994	1	276	
	1577929953.906543	180.24512247529006	0	54	
	1577929953.90828	575.7452299245024	0	114	
	1577929954.127791	4.55557969188527	1	54
tjsw
	1577929957.581328	0.2895582134130985	0	254	
	1577929957.738994	6.342522822505402	1	255	
	1577929957.783926	22.25579038411538	0	54	
	1577929957.788585	214.6412159050202	1	276	
	1577929957.794063	182.5435870653262	0	54	
	1577929957.795524	684.5607964746206	0	114	
	1577929957.857683	16.087759000283835	1	54
tjsw
	1577929960.292342	0.41073513714660637	0	254	
	1577929960.424122	7.588396420649653	1	54	
	1577929960.433996	101.27744241077896	1	255	
	1577929960.479047	22.197017326601678	0	54	
	1577929960.493466	69.35370471418886	1	276	
	1577929960.499111	177.14676690459095	0	54	
	1577929960.501525	414.2522469135802	0	114	
	1577929960.607578	9.429237510088374	1	54
tjsw
	1577930033.050904	0.07797308179114351	0	242	
	1577930033.084318	29.927676456317606	1	255	
	1577930033.129279	22.241510234383284	0	54	
	1577930033.136252	143.40971723595584	1	260	
	1577930033.141658	184.97481808158764	0	54	
	1577930033.14255	1121.1718791766907	0	114	
	1577930033.363508	4.525747087988864	1	54
tjld
	1577930039.771721	0.15604974672030014	0	242	
	1577930039.804413	30.588341683622495	1	255	
	1577930039.849523	22.168039956660763	0	54	
	1577930039.854957	184.02527202527202	1	260	
	1577930039.860419	183.08542494216246	0	54	
	1577930039.861879	684.8961463096016	0	114	
	1577930040.111848	4.000495972133996	1	54
tjld
	1577930041.930832	0.5497575094984894	0	242	
	1577930042.083626	6.544754355441474	1	255	
	1577930042.12841	22.32936892428582	0	54	
	1577930042.136923	117.46776452136896	1	260	
	1577930042.142582	176.71388245207498	0	54	
	1577930042.143272	1449.3102971665514	0	114	
	1577930042.361359	4.585326924107079	1	54
tjld
	1577930044.067575	0.5860922317107133	0	242	
	1577930044.206616	7.192125930244521	1	255	
	1577930044.251619	22.220654068458387	0	54	
	1577930044.258791	139.43366244473256	1	260	
	1577930044.26422	184.19498484915025	0	54	
	1577930044.264783	1776.4947056332062	0	114	
	1577930044.308533	22.857117944861336	1	54
tjld
	1577930045.973943	0.6004527262929985	0	242	
	1577930046.18496	4.738957075663027	1	255	
	1577930046.22964	22.381319302888976	0	54	
	1577930046.250307	48.38613815698399	1	260	
	1577930046.255864	179.95898228000172	0	54
	1577930046.256446	1718.2728390004097	0	114	
	1577930046.361097	9.555550999113771	1	54
tjld
	1577930047.457306	0.9122349593819523	0	242	
	1577930047.510166	18.91788860273058	1	255	
	1577930047.55558	22.019655606887863	0	54	
	1577930047.563032	134.19196314307652	1	260	
	1577930047.568743	175.09827168740085	0	54	
	1577930047.570568	547.9169170476813	0	114	
	1577930047.606967	27.473367044829303	1	54
tjld
	1577930161.064717	0.10313796269877977	0	269	
	1577930161.259578	5.131864931861506	1	255	
	1577930161.30448	22.270680125097567	0	54	
	1577930161.310965	154.20235294117646	1	530	
	1577930161.316716	173.8859914597239	0	54	
	1577930161.317306	1694.6682828282828	0	114	
	1577930161.318273	1034.0986193293886	0	114	
	1577930161.323786	181.39099597803053	1	54
zrhx
	1577930169.692938	0.1194864177092815	0	269	
	1577930169.766176	13.65413338021108	1	54	
	1577930170.87549	0.9014580467675378	1	255	
	1577930170.920729	22.104834884529843	0	54	
	1577930170.934742	71.36204168438962	1	530	
	1577930170.940318	179.33572772361896	0	54	
	1577930170.940771	2207.5284210526315	0	114	
	1577930170.941788	983.4241500586166	0	114	
	1577930170.948527	148.38689591735655	1	54
zrhx
	1577930373.106243	0.5761723171602835	0	269	
	1577930373.294048	5.324666883327917	1	255	
	1577930373.353858	16.719633581943786	0	54	
	1577930373.361671	127.99218797680805	1	530	
	1577930373.367439	173.36849501922043	0	54	
	1577930373.369079	609.7258322430586	0	114	
	1577930373.369149	14315.03071672355	0	114	
	1577930373.373823	213.95143848194246	1	54
zrhx
	1577930388.093657	0.12543661503353243	0	269	
	1577930388.252608	6.29124524328435	1	255	
	1577930388.301391	20.49901764332144	0	54	
	1577930388.312493	90.07224154962849	1	530	
	1577930388.318488	166.81132675787464	0	54	
	1577930388.319115	1594.7923954372623	0	114	
	1577930388.320343	814.2698505144632	0	114	
	1577930388.334126	72.55326068154298	1	54	
zrhx
	1577930454.243096	0.2169443946748718	0	269	
	1577930454.384212	7.08637348935516	1	255	
	1577930454.431793	21.016811228196765	0	54	
	1577930454.451227	51.456276376484446	1	530	
	1577930454.456765	180.57103495780953	0	54	
	1577930454.457523	1318.9635220125786	0	114	
	1577930454.458376	1172.5759015935141	0	114	
	1577930454.464561	161.6800555084419	1	54	
zrhx
	1577930511.453612	0.03506109182324258	0	301
	1577930511.648539	5.130126237947707	1	54	
	1577930511.678776	33.0721083715099	1	255	
	1577930511.723908	22.157266095078104	0	54	
	1577930511.728666	210.16705917723104	1	324	
	1577930511.734475	172.15169922836972	0	54
	1577930511.735065	1694.6682828282828	0	114	
	1577930511.759657	40.66375816803366	1	260	
	1577930511.766786	140.2683432546318	0	114	
	1577930511.810974	22.630688961189616	1	54
ds
	1577930520.974262	0.10913113145533847	0	301	
	1577930521.145228	5.84911927907927	1	54	
	1577930521.209174	15.638192603529337	1	255	
	1577930521.26523	17.839296347334933	0	54	
	1577930521.27135	163.39958705052788	1	340	
	1577930521.277123	173.2181382671182	0	54	
	1577930521.277183	16644.06349206349	0	114	
	1577930521.293018	63.15106072240541	1	260	
	1577930521.299054	165.67799020382367	0	114	
	1577930521.394885	10.435019716627897	1	54
ds
	1577930526.565866	0.20351250516507774	0	301	
	1577930526.640087	13.47329467885193	1	54	
	1577930526.742276	9.785782945881124	1	255	
	1577930526.789352	21.242252508217227	0	54	
	1577930526.796448	140.92342841783423	1	340	
	1577930526.801994	180.30711030865788	0	54	
	1577930526.802781	1270.616176916086	0	114	
	1577930526.819904	58.40103593756527	1	260	
	1577930526.826308	156.15428145941922	0	114	
	1577930526.801994	180.30711030865788	0	54
ds
	1577930617.272072	0.07305612719776712	0	301	
	1577930617.397135	7.995973707087191	1	54	
	1577930617.435644	25.968028331207666	1	255	
	1577930617.484982	20.268310951536442	0	54	
	1577930617.489656	213.95143848194246	1	340	
	1577930617.495149	182.05234602196276	0	54	
	1577930617.496598	690.0796314577163	0	114	
	1577930617.512227	63.98340274281879	1	260	
	1577930617.518389	162.28686399690463	0	114	
	1577930617.646988	7.776114560525637	1	54
ds
	1577930620.805696	0.31658512586479065	0	301
	1577930620.91367	9.261484379830241	1	54	
	1577930620.982292	14.572612839229938	1	255	
	1577930621.029746	21.07298642965881	0	54	
	1577930621.035329	179.11363539309048	1	340	
	1577930621.040991	176.61714670709114	0	54	
	1577930621.042755	566.9510678561774	0	114	
	1577930621.067091	41.09121902951809	1	260	
	1577930621.073531	155.28132982858835	0	114	
	1577930621.158946	11.707528394420764	1	54
ds
	1577931130.133137	0.08862450059096678	0	285	
	1577931130.363664	4.337888095976833	1	255	
	1577931130.417064	18.72657784762653	0	54	
	1577931130.421682	216.54726625019362	1	340	
	1577931130.427331	177.01966742635267	0	54	
	1577931130.428795	683.0001628399284	0	114	
	1577931130.466062	26.833413303136737	1	340	
	1577931130.472276	160.92944020258605	0	114	
	1577931130.67126	5.025526000479272	1	54	
timer_on
	1577931188.555112	0.08049237806437308	0	253	
	1577931188.590019	28.647465012874715	1	54	
	1577931188.629283	25.468646203357928	1	255	
	1577931188.674243	22.241982012557273	0	54	
	1577931188.726972	18.964849295991176	1	260	
	1577931188.732668	175.5673503557974	0	54	
	1577931188.734008	746.1846646504181	0	114	
	1577931188.737625	276.48675016479893	1	340	
	1577931188.74492	137.07771749787568	0	114	
	1577931188.75709	82.16875306102459	1	54	
timer_off
	1577931220.316077	0.07076394995647337	0	285	
	1577931220.437506	8.235267322455872	1	54	
	1577931220.472002	28.988810328502215	1	255	
	1577931220.516643	22.40092288958438	0	54	
	1577931220.52287	160.59055057814535	1	340	
	1577931220.528498	177.68710019063758	0	54	
	1577931220.53027	564.2814475985471	0	114	
	1577931220.582071	19.30465920126663	1	340	
	1577931220.588305	160.41243737331243	0	114	
	1577931220.688653	9.965321105276914	1	54	
timer_on
	1577931259.018928	0.05818570128574559	0	253	
	1577931259.233543	4.659509420547458	1	255	
	1577931259.278522	22.232550250190823	0	54	
	1577931259.283279	210.2197273456295	1	546	
	1577931259.288962	175.9650948145662	0	54	
	1577931259.289493	1882.5421903052065	0	114	
	1577931259.289605	8943.078891257996	0	114	
	1577931259.294502	204.20175267770205	1	54	
timer_off
	1577931301.889909	0.07406676067672052	0	285	
	1577931302.078067	5.314681344970552	1	255	
	1577931302.123358	22.079467688614685	0	54	
	1577931302.127951	217.72757475083057	1	340	
	1577931302.133562	178.21559379647334	0	54	
	1577931302.134095	1876.6460850111857	0	114	
	1577931302.178562	22.4886010251571	1	340	
	1577931302.184711	162.6266527083091	0	114	
	1577931302.437086	3.9623556263450155	1	54
timer_on
	1577931309.057582	0.15104608941424438	0	253	
	1577931309.208241	6.637502175942776	1	54	
	1577931309.212491	235.2913721530349	1	255	
	1577931309.257549	22.193611200770423	0	54	
	1577931309.275394	56.03837161142063	1	260	
	1577931309.281029	177.4615612439179	0	54	
	1577931309.281575	1831.5737991266376	0	114	
	1577931309.293273	85.484642820748	1	340	
	1577931309.299411	162.91722664595068	0	114	
	1577931309.466744	5.976111534598095	1	54	
timer_off
	1577931379.114539	0.14500214289613425	0	285	
	1577931379.219925	9.4889247343452	1	54	
	1577931379.225039	195.53864801864802	1	54	
	1577931379.316119	10.979364792666296	1	255	
	1577931379.360968	22.29696296335674	0	54	
	1577931379.366757	172.7472817133443	1	340	
	1577931379.372162	185.00745445723612	0	54	
	1577931379.374217	486.6346443903005	0	114	
	1577931379.412784	25.928858446359467	1	340	
	1577931379.419789	142.75565841870596	0	114	
	1577931379.476092	17.76103526542227	1	54	
timer_on
	1577931407.693464	0.10279723249908992	0	253	
	1577931407.823484	7.691130169452986	1	255	
	1577931407.868405	22.261224013205034	0	54	
	1577931407.872905	222.22655504927414	1	260	
	1577931407.878623	174.88654463578368	0	54	
	1577931407.88035	579.0038652678079	0	114	
	1577931407.900718	49.09695770757003	1	340	
	1577931407.907546	146.45427563811586	0	114	
	1577931407.974545	14.925605129993523	1	54	
timer_off
	1577931599.960942	0.1271720042240846	0	285	
	1577931600.11231	6.606420395568947	1	54	
	1577931600.205409	10.741240402984998	1	255	
	1577931600.250505	22.174954796823616	0	54	
	1577931600.255342	206.73817034700315	1	340	
	1577931600.260959	178.03404219194363	0	54	
	1577931600.262835	533.0161392807219	0	114	
	1577931600.315886	18.849787876608904	1	340	
	1577931600.323212	136.5022293097276	0	114	
	1577931600.485314	6.16895595708224	1	54	
timer_on
	1577931628.125786	0.09989800614554475	0	253	
	1577931628.16877	23.26446574369897	1	255	
	1577931628.213534	22.33935894841122	0	54	
	1577931628.218638	195.93142430046245	1	260	
	1577931628.224108	182.81410451989714	0	54	
	1577931628.224696	1700.853203568532	0	114	
	1577931628.253351	34.89786001930309	1	54	
	1577931628.253353	466033.77777777775	1	340	
	1577931628.260601	137.97052631578947	0	114	
	1577931628.509082	4.024452003204744	1	54	
timer_off
	1577933098.456335	0.13034873560013474	0	242
	1577933098.533844	12.90173979378399	1	54
	1577933098.564195	32.94792656774102	1	255
	1577933098.609637	22.00602314819673	0	54
	1577933098.620186	94.79510012204493	1	260
	1577933098.626668	154.27608783609813	0	54
	1577933098.628004	748.4482512491078	0	114
	1577933098.789077	6.208366329232714	1	54
tjld
	1577933255.934367	0.10983266553854995	0	254
	1577933256.03671	9.771056101458797	1	54
	1577933256.067831	32.13262749844864	1	54
	1577933256.080221	80.71091269459464	1	255
	1577933256.126119	21.787460391667967	0	54
	1577933256.130749	215.97857878475799	1	276
	1577933256.137135	156.5915251073362	0	54
	1577933256.137881	1340.461489293704	0	114
	1577933256.296522	6.303546201614697	1	54
tjsw
	1577933282.065465	0.10554248364631558	0	269
	1577933282.259196	5.161794658163573	1	255
	1577933282.305437	21.625808846655563	0	54
	1577933282.313223	128.4390004899559	1	292
	1577933282.319441	160.81837352862237	0	54
	1577933282.319973	1880.0107575078441	0	114
	1577933282.327385	134.91713844570253	1	292
	1577933282.334206	146.60272631946873	0	114
	1577933282.54919	4.651510245001708	1	54
zrhx
	1577933403.783356	0.11048809544130815	0	242
	1577933403.908995	7.959314417573743	1	255
	1577933403.955347	21.57397320165625	0	54
	1577933403.959999	214.960229602296	1	260
	1577933403.966392	156.42216752442755	0	54
	1577933403.968196	554.3621464446206	0	114
	1577933404.041833	13.580127956070143	1	54
tjld
	1577933428.112609	0.13526305822765478	0	254
	1577933428.161601	20.411430351164057	1	255
	1577933428.20744	21.815564178048703	0	54
	1577933428.212318	205.0001955034213	1	276
	1577933428.218455	162.94254302474653	0	54
	1577933428.220143	592.4158192090396	0	114
	1577933428.292109	13.89546359579522	1	54
tjsw
	1577933460.936152	0.10158943732444152	0	269
	1577933461.1069	5.856584130282098	1	54
	1577933461.106901	1048576.0	1	255
	1577933461.152831	21.772192374574995	0	54
	1577933461.157128	232.7195250513233	1	292
	1577933461.163623	153.96461346450334	0	54
	1577933461.163671	20867.18407960199	0	114
	1577933461.168358	213.3528663716364	1	292
	1577933461.176415	124.11753913532388	0	114
	1577933461.186988	94.57920490675806	1	54
zrhx
	1577933525.216325	0.10341601436988843	0	265
	1577933525.297117	12.377470740646745	1	54
	1577933525.3718	13.389936886059704	1	255
	1577933525.416944	22.151298138876566	0	54
	1577933525.421592	215.1476788920236	1	292
	1577933525.427815	160.69514577985518	0	54
	1577933525.428349	1872.4571428571428	0	114
	1577933525.435346	142.92104814802195	1	292
	1577933525.442325	143.28234208998052	0	114
	1577933525.562975	8.288450365779916	1	54
gnhx
	1577933570.708062	0.13316546091975423	0	242
	1577933570.849628	7.0638411104617775	1	255
	1577933570.895775	21.669830280798738	0	54
	1577933570.900479	212.58509883426254	1	260
	1577933570.907161	149.6576036537501	0	54
	1577933570.907725	1772.7404902789517	0	114
	1577933571.063197	6.432034547060556	1	54
	1577933571.731365	1.4966294380017842	0	225
	1577933571.853883	8.16206181233678	1	255
	1577933571.899868	21.746229423201555	0	54
	1577933571.90803	122.51866565402815	1	260
	1577933571.91416	163.1326669518883	0	54
	1577933571.914951	1264.1060880048221	0	114
	1577933572.068803	6.499753603739024	1	54
moshi
	1577933604.750508	0.11991988537015962	0	222
	1577933604.806976	17.709141882420496	1	54
	1577933604.874289	14.855981100197994	1	255
	1577933604.920308	21.730118434550146	0	54
	1577933604.924862	219.59706806282722	1	260
	1577933604.931082	160.7690597569857	0	54
	1577933604.931977	1117.2892914224826	0	114
	1577933605.071765	7.153694357791828	1	54
power_on/off
	1577933610.728882	0.1767684807133815	0	222
	1577933610.858812	7.696450787755566	1	54
	1577933610.868162	106.95389636882905	1	255
	1577933610.914173	21.73394685569788	0	54
	1577933610.918998	207.2489376420595	1	260
	1577933610.925349	157.45566483970268	0	54
	1577933610.925944	1680.4102564102564	0	114
	1577933611.064082	7.239147244007511	1	54
power_on/off
