	1577670337.780211	0.032258087340816644	0	307
	1577670337.783673	288.8440190069554	1	54	
	1577670337.786707	329.6113163064833	1	191	
	1577670337.859252	13.784537722331041	0	54	
	1577670337.951559	10.833403932183778	1	58	
	1577670338.028397	13.014391123301953	0	58	
	1577670338.030332	516.7944800394283	1	54	
	1577670338.090102	16.730838116740397	1	196	
	1577670338.166779	13.041706181768431	0	54	
	1577670338.168042	791.8263167830847	0	1506	
	1577670338.168105	15887.515151515152	0	1506	
	1577670338.168337	4306.2669404517455	0	1506	
	1577670338.16857	4293.0440122824975	1	54	
	1577670338.170531	509.94577507598785	1	54	
	1577670338.170531	6666	1	54	
	1577670338.170604	13706.875816993464	1	54	
	1577670338.247171	13.060468012891373	0	907	
	1577670338.537165	3.4483471906722145	0	907	
	1577670338.617297	12.479407791775017	1	180	
	1577670338.617297	6666	1	54	
	1577670338.617397	9986.438095238096	1	54	
	1577670338.694554	12.960583400284284	0	105	
	1577670338.697372	354.87807767154584	1	54	
	1577670338.76903	13.955149789057613	1	585	
	1577670338.852298	12.009425885681072	0	88	
	1577670338.852435	7294.441739130435	0	1230	
	1577670338.854573	467.7488569198171	1	54	
	1577670338.871868	57.820567962503446	1	54	
	1577670338.87277	1108.431289640592	1	54	
	1577670338.949278	13.070520850862268	0	54	
	1577670338.958408	109.5290123779182	1	54	
power_off
	1577670455.721433	0.0426079537351388	0	307	
	1577670455.763948	23.52108837433617	1	54	
	1577670455.763949	1048576.0	1	191	
	1577670455.836435	13.795736590917313	0	54	
	1577670455.904814	14.624388951262544	1	58	
	1577670455.981438	13.050755482538023	0	58	
	1577670455.983233	557.0864656660912	1	54	
	1577670456.05205	14.531263858093126	1	196	
	1577670456.128388	13.09966769107763	0	54	
	1577670456.129536	871.0911734164071	0	1506	
	1577670456.129647	9000.652360515021	0	1506	
	1577670456.129816	5915.802538787024	0	1506	
	1577670456.130322	1976.5805843543826	1	54	
	1577670456.13211	559.2405333333334	1	54	
	1577670456.132111	1048576.0	1	54	
	1577670456.13372	621.5625370480142	1	54	
	1577670456.208251	13.417221678406685	0	907	
	1577670456.505961	3.3589741536302964	0	907	
	1577670456.565339	16.84121260791006	1	180	
	1577670456.56534	1048576.0	1	54	
	1577670456.565429	11244.782841823057	1	54	
	1577670456.641733	13.105479905762369	0	105	
	1577670456.64504	302.3793526061567	1	54	
	1577670456.71507	14.279599764407086	1	584	
	1577670456.797358	12.152436250691746	0	88	
	1577670456.797772	2416.073732718894	0	1229	
	1577670456.799136	733.1417584338402	1	54	
	1577670456.80882	103.26219902506278	1	54	
	1577670456.81503	161.02829500518294	1	54	
	1577670456.891047	13.154968981112665	0	54	
	1577670456.892903	538.7673731535003	1	54	
power_on
	1577670598.578687	0.2788044847443048	0	298	
	1577670598.582422	267.73292480531086	1	54	
	1577670598.585193	360.8934778867665	1	205	
	1577670598.658361	13.667169562936436	0	54	
	1577670599.345058	1.4562463370802745	0	298	
	1577670599.348565	285.13283480625427	1	54	
	1577670599.352484	255.1745452333151	1	205	
	1577670599.425061	13.778469826878224	0	54	
	1577670599.499576	13.420097971773123	0	307	
	1577670599.503063	286.7900170940171	1	54	
	1577670599.507101	247.6414949518805	1	191	
	1577670599.523209	62.08081465912791	1	58	
	1577670599.579702	17.70136907675946	0	54	
	1577670599.596273	60.34622467771639	0	58	
	1577670599.598059	559.91242824723	1	54	
	1577670599.728406	7.671829015117566	1	196	
	1577670599.801613	13.65986979446545	0	54	
	1577670599.802552	1065.084814626714	0	1506	
	1577670599.802602	19972.876190476192	0	1506	
	1577670599.802843	4148.6686449060335	0	1506	
	1577670599.803361	1931.0791896869246	1	54	
	1577670599.804847	672.9189796245788	1	54	
	1577670599.804848	1048576.0	1	54	
	1577670599.804848	6666	1	54	
	1577670599.877567	13.751545871228762	0	907	
	1577670600.155272	3.600944041745258	0	907	
	1577670600.267614	8.901399842103922	1	180	
	1577670600.268973	735.7137344325557	1	54	
	1577670600.268973	6666	1	54	
	1577670600.340581	13.964953636651185	0	105	
	1577670600.343387	356.38575919789275	1	54	
	1577670600.425988	12.10638064504956	1	585	
	1577670600.504511	12.735096402003947	0	1230	
	1577670600.504659	6765.006451612903	0	88	
	1577670600.556678	19.22370109632237	1	54	
	1577670600.556678	6666	1	54	
	1577670600.561997	188.00950289120982	1	54	
	1577670600.634531	13.786621963645926	0	54	
	1577670600.647366	77.91180294980867	1	54	
power_off
	1577670725.525459	0.1367932538744109	1	58	
	1577670725.600291	13.363273732906826	0	58	
	1577670725.603504	311.2425051944197	1	54	
	1577670725.671906	14.61944447349067	1	196	
	1577670725.746688	13.372220698977868	0	54	
	1577670725.747919	812.2199845081333	0	1506	
	1577670725.747986	14926.348754448398	0	1506	
	1577670725.748051	15420.235294117647	0	1506	
	1577670725.748459	2449.9439252336447	1	54	
	1577670725.750282	548.5618624117185	1	54	
	1577670725.750283	1048576.0	1	54	
	1577670725.751256	1027.7637833864248	1	54	
	1577670725.825782	13.418123070524818	0	907	
	1577670726.129394	3.293677524125578	0	907	
	1577670726.188358	16.959496670211433	1	180	
	1577670726.188359	1048576.0	1	54	
	1577670726.188359	6666	1	54	
	1577670726.263156	13.369535351474719	0	105	
	1577670726.26611	338.52332526230833	1	54	
	1577670726.335157	14.482893882681179	1	584	
	1577670726.416876	12.237032282534171	0	1229	
	1577670726.416946	14315.03071672355	0	88	
	1577670726.433749	59.51308937667608	1	54	
	1577670726.433749	6666	1	54	
	1577670726.435422	597.7346444349437	1	54	
	1577670726.510004	13.408042964004858	0	54	
	1577670726.520859	92.12378923323595	1	54	
power_on
	1577671000.657292	0.14523581917782055	1	58	
	1577671000.732273	13.336674149586319	0	58	
	1577671000.738194	168.89361359426593	1	54	
	1577671000.799241	16.380800624877953	1	196	
	1577671000.873933	13.388312728828113	0	54	
	1577671000.875268	749.1166279692802	0	1506	
	1577671000.875318	19972.876190476192	0	1506	
	1577671000.875374	17848.102127659575	0	1506	
	1577671000.884227	112.95658731013681	1	54	
	1577671000.884228	1048576.0	1	54	
	1577671000.884228	6666	1	54	
	1577671000.884228	6666	1	54	
	1577671000.958756	13.417779668770574	0	907	
	1577671001.271666	3.195806284477767	0	907	
	1577671001.314458	23.36893950368282	1	180	
	1577671001.314459	838860.8	1	54	
	1577671001.314459	6666	1	54	
	1577671001.389224	13.375248336187406	0	105	
	1577671001.400543	88.347635597683	1	54	
	1577671001.499078	10.148671864036043	1	585	
	1577671001.582162	12.036030865561482	0	88	
	1577671001.582262	9986.438095238096	0	1230	
	1577671001.599908	56.669828273411426	1	54	
	1577671001.612082	82.14300542488397	1	54	
	1577671001.614567	402.408519620071	1	54	
	1577671001.68903	13.429508196721311	0	54	
	1577671001.698805	102.30009756097562	1	54	
power_off
	1577671591.004785	0.09397798484397783	1	58	
	1577671591.077117	13.825157721947907	0	58	
	1577671591.078798	594.852361367182	1	54	
	1577671591.166702	11.376049645236185	1	196	
	1577671591.238534	13.92138340773686	0	54	
	1577671591.240137	623.7810826888757	0	1506	
	1577671591.240172	28728.109589041094	1	54	
	1577671591.2402	35544.94915254237	0	1506	
	1577671591.240293	10754.625641025641	0	1506	
	1577671591.243302	332.327390856509	1	54	
	1577671591.244413	900.2584245546254	1	54	
	1577671591.244414	838860.8	1	54	
	1577671591.316219	13.926606723068545	0	907	
	1577671591.600615	3.5162246833824735	0	907	
	1577671591.681657	12.339273053557507	1	180	
	1577671591.681657	6666	1	54	
	1577671591.681657	6666	1	54	
	1577671591.753899	13.842359036979587	0	105	
	1577671591.765723	84.57451656483778	1	54	
	1577671591.831375	15.231853110791533	1	584	
	1577671591.9093	12.832818303645187	0	88	
	1577671591.909654	2826.3504043126686	0	1229	
	1577671591.911195	648.8712871287129	1	54	
	1577671591.921828	94.04690793309118	1	54	
	1577671591.932803	91.11713590545708	1	54	
	1577671592.004892	13.871704303422366	0	54	
	1577671592.013049	122.5974511867181	1	54
power_on
	1577672080.025875	0.009197836870300605	1	58	
	1577672080.100352	13.42697172345132	0	58	
	1577672080.113303	77.21472754050073	1	54	
	1577672080.166216	18.898965002951343	1	196	
	1577672080.240712	13.423533967656557	0	54	
	1577672080.241849	879.4933948416859	0	1506	
	1577672080.241898	20360.699029126212	0	1506	
	1577672080.242193	3390.7065481002423	0	1506	
	1577672080.24285	1521.8809869375907	1	54	
	1577672080.24736	221.73313596954958	1	54	
	1577672080.250425	326.25264467952707	1	54	
	1577672080.250426	1048576.0	1	54	
	1577672080.324623	13.477624074163332	0	907	
	1577672080.636078	3.210739044166279	0	907	
	1577672080.680126	22.70246981071821	1	180	
	1577672080.680127	1048576.0	1	54	
	1577672080.680127	6666	1	54	
	1577672080.754635	13.421343317013855	0	105	
	1577672080.759953	188.04321900919078	1	54	
	1577672080.830066	14.262701691745303	1	585	
	1577672080.909921	12.522702844722573	0	1230	
	1577672080.910014	10754.625641025641	0	88	
	1577672080.947204	26.888804836300462	1	54	
	1577672080.947205	1048576.0	1	54	
	1577672080.947205	6666	1	54	
	1577672081.021423	13.473814059423116	0	54	
	1577672081.040104	53.53086671856853	1	54	
power_off
	1577672968.326777	0.0461317680993216	1	58	
	1577672968.401999	13.29398042497084	0	58	
	1577672968.432818	32.44758014605768	1	54	
	1577672968.463375	32.725559040619196	1	196	
	1577672968.538494	13.312208003250051	0	54	
	1577672968.539741	801.97017208413	0	1506	
	1577672968.539792	19599.551401869157	0	1506	
	1577672968.540064	3675.9894829097284	0	1506	
	1577672968.573512	29.897170880526904	1	54	
	1577672968.573512	6666	1	54	
	1577672968.573622	9098.273318872018	1	54	
	1577672968.573622	6666	1	54	
	1577672968.648604	13.336546930495363	0	907	
	1577672968.969734	3.1140033127505258	0	907	
	1577672969.005286	28.127793127498055	1	180	
	1577672969.020341	66.42337477234935	1	54	
	1577672969.022692	425.3426630159213	1	54	
	1577672969.080638	17.25745649946717	0	105	
	1577672969.143704	15.856402966905843	1	54	
	1577672969.157137	74.44364772283554	1	584	
	1577672969.240498	11.995995904382196	0	1229	
	1577672969.240609	9020.008602150538	0	88	
	1577672969.263817	43.08832775163855	1	54	
	1577672969.278816	66.67149896677793	1	54	
	1577672969.278816	6666	1	54	
	1577672969.353776	13.340449420333647	0	54
	1577672081.040104	53.53086671856853	1	54
power_on
	1577674143.795602	0.04120445711104228	1	58
	1577674143.868554	13.707637352401932	0	58
	1577674143.871594	328.96501960784315	1	54
	1577674143.942962	14.011886189236952	1	196
	1577674144.015797	13.729668862032394	0	54
	1577674144.016967	854.5851670741646	0	1506
	1577674144.017018	19599.551401869157	0	1506
	1577674144.017331	3196.878048780488	0	1506
	1577674144.017532	4969.554502369669	1	54
	1577674144.028421	91.83735849882858	1	54
	1577674144.028422	838860.8	1	54
	1577674144.028422	6666	1	54
	1577674144.101219	13.736863479753186	0	907
	1577674144.40194	3.325339565977122	0	907
	1577674144.46627	15.544880086280061	1	180
	1577674144.46627	6666	1	54
	1577674144.466338	14716.856140350877	1	54
	1577674144.539197	13.72513113847503	0	105
	1577674144.549126	100.71566814743667	1	54
	1577674144.609924	16.447863971828113	1	558
	1577674144.688031	12.802969438712593	0	1203
	1577674144.688103	13888.423841059603	0	88
	1577674144.696969	112.78952322048028	1	54
	1577674144.69697	1048576.0	1	54
	1577674144.708906	83.78051654914808	1	54
	1577674144.78169	13.739293365391545	0	54
	1577674144.78169	13.739293365391545	0	54
power_off
	1577674315.249529	322.9120024636231	1	54
	1577674338.175408	0.04361882918118208	1	58
	1577674338.248358	13.70799575128687	0	58
	1577674338.271898	42.48084752972633	1	54
	1577674338.305185	30.041714416685767	1	196
	1577674338.377732	13.78417530990785	0	54
	1577674338.378946	823.7046347211312	0	1506
	1577674338.378994	20867.18407960199	0	1506
	1577674338.379286	3423.9216326530614	0	1506
	1577674338.379398	8924.051063829787	1	54
	1577674338.381121	580.4461666205369	1	54
	1577674338.397613	60.634987639686	1	54
	1577674338.397614	1048576.0	1	54
	1577674338.469988	13.81709651171601	0	907
	1577674338.773641	3.2932327166886646	0	907
	1577674338.822317	20.54409999951019	1	180
	1577674338.822318	838860.8	1	54
	1577674338.822319	1048576.0	1	54
	1577674338.895026	13.753845649358102	0	105
	1577674338.921337	38.00703178803146	1	54
	1577674338.975175	18.574236204292934	1	584
	1577674339.053508	12.765989048951006	0	1229
	1577674339.053587	12671.61329305136	0	88
	1577674339.065107	86.80444545623875	1	54
	1577674339.065108	1048576.0	1	54
	1577674339.07594	92.32047895756295	1	54
	1577674339.148563	13.76973962830307	0	54
	1577674339.148563	13.76973962830307	0	54
power_on
	1577674521.208419	0.09553423271436315	1	58
	1577674521.280519	13.869640123144483	0	58
	1577674521.3035	43.51434292294764	1	54
	1577674521.355253	19.32253487386441	1	196
	1577674521.427014	13.935120337023402	0	54
	1577674521.428379	732.629519650655	0	1506
	1577674521.428437	17260.510288065845	0	1506
	1577674521.428632	5127.511002444988	1	54
	1577674521.428664	31300.776119402984	0	1506
	1577674521.430796	469.05658689331244	1	54
	1577674521.432673	532.7453321478471	1	54
	1577674521.432673	6666	1	54
	1577674521.504622	13.898732834950426	0	907
	1577674521.821134	3.1594367962589676	0	907
	1577674521.861885	24.539286926200255	1	180
	1577674521.861887	524288.0	1	54
	1577674521.861887	6666	1	54
	1577674521.933762	13.913025017746612	0	105
	1577674521.93681	328.090112640801	1	54
	1577674522.010643	13.544081271514283	1	585
	1577674522.088226	12.889409262861586	0	88
	1577674522.088559	3004.515759312321	0	1230
	1577674522.090031	679.3495302883058	1	54
	1577674522.097039	142.6925222834592	1	54
	1577674522.1135	60.74915632287125	1	54
	1577674522.185451	13.898364393075843	0	54
	1577674522.185451	13.898364393075843	0	54
power_off
	1577674665.006973	0.009111088153296499	1	58
	1577674665.078898	13.903386094306788	0	58
	1577674665.081101	453.92900432900433	1	54
	1577674665.160508	12.593351888715745	1	196
	1577674665.232246	13.939612683662855	0	54
	1577674665.233681	696.8439940189401	0	1506
	1577674665.233734	18893.26126126126	0	1506
	1577674665.233781	21183.353535353537	0	1506
	1577674665.234694	1095.4045442674328	1	54
	1577674665.238453	266.0347583407332	1	54
	1577674665.240937	402.56300988578556	1	54
	1577674665.240937	6666	1	54
	1577674665.312274	14.017974058266963	0	907
	1577674665.596651	3.516457572495481	0	907
	1577674665.670299	13.578105677528795	1	180
	1577674665.688771	54.13611781560979	1	54
	1577674665.688772	1048576.0	1	54
	1577674665.742044	18.771584190763473	0	105
	1577674665.781261	25.499148874082	1	54
	1577674665.817827	27.347795186771773	1	584
	1577674665.895668	12.846693150458362	0	1229
	1577674665.895768	10010.272076372315	0	88
	1577674665.901683	169.05699314792423	1	54
	1577674665.914022	81.04465441616911	1	54
	1577674665.92507	90.51347676902824	1	54
	1577674665.996835	13.934379609573295	0	54
	1577674665.996835	13.934379609573295	0	54
power_on
	1577674724.559847	0.15112020633006534	1	58
	1577674724.632247	13.812182423509963	0	58
	1577674724.635156	343.76723219408245	1	54
	1577674724.770274	7.400938019430907	1	196
	1577674724.842734	13.800684390629113	0	54
	1577674724.844101	731.6071864643293	0	1506
	1577674724.844158	17549.38912133891	0	1506
	1577674724.844435	3609.555938037866	0	1506
	1577674724.849957	181.0933897500108	1	54
	1577674724.853591	275.1806849494817	1	54
	1577674724.853591	6666	1	54
	1577674724.853592	1048576.0	1	54
	1577674724.925971	13.81614072073259	0	907
	1577674725.214843	3.4617407976282935	0	907
	1577674725.282937	14.685578434702231	1	180
	1577674725.287241	232.34566807001994	1	54
	1577674725.287242	1048576.0	1	54
	1577674725.287242	6666	1	54
	1577674725.359374	13.863451266592628	0	105
	1577674725.366386	142.61489289357363	1	54
	1577674725.427109	16.468206571885148	1	585
	1577674725.505648	12.732544867280279	0	1230
	1577674725.505732	11881.881019830029	0	88
	1577674725.544882	25.542784412357573	1	54
	1577674725.544883	1048576.0	1	54
	1577674725.544962	12671.61329305136	1	54
	1577674725.617203	13.842541773789526	0	54
	1577674725.617203	13.842541773789526	0	54
power_off
	1577674772.157583	0.135044163710603	1	58
	1577674772.231462	13.53564547827967	0	58
	1577674772.250209	53.341608271546846	1	54
	1577674772.320611	14.2041606978973	1	196
	1577674772.394214	13.586418453385507	0	54
	1577674772.395515	768.6098588968298	0	1506
	1577674772.395575	16644.06349206349	0	1506
	1577674772.395678	9709.037037037036	0	1506
	1577674772.416816	47.30827101591491	1	54
	1577674772.432732	62.8294261275971	1	54
	1577674772.432733	1048576.0	1	54
	1577674772.432733	6666	1	54
	1577674772.506469	13.561905254614885	0	907
	1577674772.816635	3.2240812341939997	0	907
	1577674772.859401	23.383009800751502	1	180
	1577674772.859402	1048576.0	1	54
	1577674772.859478	13148.288401253918	1	54
	1577674772.933141	13.575337012282946	0	105
	1577674772.936121	335.57116569325547	1	54
	1577674773.014595	12.743066864351166	1	584
	1577674773.094937	12.44678155018562	0	88
	1577674773.095081	6944.211920529801	0	1229
	1577674773.097317	447.24930688846234	1	54
	1577674773.122771	39.28648770161668	1	54
	1577674773.122772	1048576.0	1	54
	1577674773.196346	13.591745735469487	0	54
	1577674725.617203	13.842541773789526	0	54
power_on
	1577674810.36861	0.04290186230093608	1	58
	1577674810.443279	13.392416622762903	0	58
	1577674810.444951	598.0755739341223	1	54
	1577674810.453284	120.00526451317559	1	196
	1577674810.527693	13.439233051580613	0	54
	1577674810.5291	710.7785121165904	0	1506
	1577674810.529152	19239.92660550459	0	1506
	1577674810.529234	12192.744186046511	0	1506
	1577674810.529374	7145.321976149915	1	54
	1577674810.531497	471.0055025266704	1	54
	1577674810.531498	1048576.0	1	54
	1577674810.532643	873.2675411201333	1	54
	1577674810.605972	13.637174701850672	0	907
	1577674810.897931	3.4251379061135996	0	907
	1577674810.978594	12.397262986773073	1	180
	1577674810.978595	1048576.0	1	54
	1577674810.978595	6666	1	54
	1577674811.053033	13.433981602480333	0	105
	1577674811.056549	284.41744083542415	1	54
	1577674811.122434	15.178001092852671	1	585
	1577674811.2031	12.396786645307355	0	1230
	1577674811.203169	14463.11724137931	0	88
	1577674811.288974	11.654340746668446	1	54
	1577674811.308171	52.09150748900867	1	54
	1577674811.308172	1048576.0	1	54
	1577674811.382663	13.424436208143696	0	54
	1577674725.617203	13.842541773789526	0	54
power_off
	1577674883.046756	0.03760083570720338	1	58
	1577674883.119691	13.710863617195852	0	58
	1577674883.133525	72.28567489314766	1	54
	1577674883.271626	7.241071891001626	1	196
	1577674883.344311	13.757996214693158	0	54
	1577674883.34587	641.4289646734975	0	1506
	1577674883.345991	8272.788954635109	0	1506
	1577674883.346252	3830.414611872146	0	1506
	1577674883.352732	154.32149821553406	1	54
	1577674883.387818	28.501270708470937	1	54
	1577674883.387819	1048576.0	1	54
	1577674883.38782	1048576.0	1	54
	1577674883.460438	13.770689009856131	0	907
	1577674883.764205	3.291997196432594	0	907
	1577674883.810987	21.375735151719006	1	180
	1577674883.81534	229.72417570380108	1	54
	1577674883.81534	6666	1	54
	1577674883.884097	14.543961607279082	0	105
	1577674883.889495	185.260777385159	1	54
	1577674883.960912	14.002250079286918	1	584
	1577674884.040364	12.586209586911771	0	1229
	1577674884.040457	10754.625641025641	0	88
	1577674884.082332	23.88066227880389	1	54
	1577674884.109755	36.46554976917258	1	54
	1577674884.109756	1048576.0	1	54
	1577674884.182116	13.819782537067546	0	54
	1577674884.182116	13.819782537067546	0	54
power_on
	1577674934.575711	0.11125808870441414	1	58
	1577674934.6498	13.497271135825352	0	58
	1577674934.651776	506.0694980694981	1	54
	1577674934.809946	6.322312043930403	1	196
	1577674934.883772	13.545393479047176	0	54
	1577674934.885077	766.2228717573986	0	1506
	1577674934.885154	12985.461300309598	0	1506
	1577674934.885238	11915.636363636364	0	1506
	1577674934.885451	4691.615212527964	1	54
	1577674934.889431	251.26124722937757	1	54
	1577674934.893141	269.53948975001606	1	54
	1577674934.893141	6666	1	54
	1577674934.966837	13.569276260663921	0	907
	1577674935.25228	3.5033255793557654	0	907
	1577674935.321901	14.363464515156911	1	180
	1577674935.324772	348.33518810730004	1	54
	1577674935.324773	838860.8	1	54
	1577674935.395739	14.091253909753975	0	105
	1577674935.400866	195.04761904761904	1	54
	1577674935.466267	15.290268015981802	1	585
	1577674935.547073	12.375352586420554	0	1230
	1577674935.547151	12787.512195121952	0	88
	1577674935.557219	99.32518707966278	1	54
	1577674935.557219	6666	1	54
	1577674935.566461	108.20101124754927	1	54
	1577674935.64022	13.557696845494187	0	54
	1577674884.182116	13.819782537067546	0	54
power_off
	1577674959.290548	0.11399973771632457	1	58
	1577674959.363568	13.694881606958612	0	58
	1577674959.37828	67.9723851813438	1	54
	1577674959.499127	8.27492705215746	1	196
	1577674959.571862	13.748525762686308	0	54
	1577674959.573144	780.0453784638274	0	1506
	1577674959.573256	8924.051063829787	0	1506
	1577674959.573476	4544.208017334778	0	1506
	1577674959.573753	3609.555938037866	1	54
	1577674959.575623	534.7831187045773	1	54
	1577674959.575625	524288.0	1	54
	1577674959.577882	443.0446815252984	1	54
	1577674959.648299	14.20113086168952	0	907
	1577674959.958061	3.2282849305284027	0	907
	1577674960.013763	17.95268607333787	1	180
	1577674960.013763	6666	1	54
	1577674960.013764	1048576.0	1	54
	1577674960.086705	13.709698401958573	0	105
	1577674960.092407	175.37648436193342	1	54
	1577674960.163277	14.110358284272499	1	585
	1577674960.243311	12.494687014987175	0	1230
	1577674960.243449	7244.048359240069	0	88
	1577674960.309994	15.027422879868153	1	54
	1577674960.311185	839.7005005005005	1	54
	1577674960.311185	6666	1	54
	1577674960.383945	13.743795424309747	0	54
	1577674884.182116	13.819782537067546	0	54
power_off
	1577675006.196287	0.07986781520726843	1	58
	1577675006.269573	13.645160450771673	0	58
	1577675006.276492	144.52651528203714	1	54
	1577675006.365645	11.21669599448031	1	196
	1577675006.438802	13.66921846025492	0	54
	1577675006.440235	697.8875207986689	0	1506
	1577675006.440284	20360.699029126212	0	1506
	1577675006.440521	4219.621730382294	0	1506
	1577675006.441416	1117.2892914224826	1	54
	1577675006.443742	429.920459204592	1	54
	1577675006.446482	364.9759832927254	1	54
	1577675006.446482	6666	1	54
	1577675006.519434	13.707637352401932	0	907
	1577675006.807225	3.474743658886754	0	907
	1577675006.939547	7.557318121293912	1	180
	1577675006.939548	1048576.0	1	54
	1577675006.939549	1048576.0	1	54
	1577675007.012989	13.616543843132163	0	105
	1577675007.015948	337.95052775763435	1	54
	1577675007.065142	20.327740459643103	1	584
	1577675007.145204	12.49029645180983	0	1229
	1577675007.14534	7358.428070175439	0	88
	1577675007.156501	89.59699228846688	1	54
	1577675007.156502	1048576.0	1	54
	1577675007.170068	73.71360281195079	1	54
	1577675007.243192	13.675413427930513	0	54
	1577674884.182116	13.819782537067546	0	54
power_on
	1577675075.023294	0.05729445730372429	1	58
	1577675075.09821	13.348261255613087	0	58
	1577675075.106375	122.47573439233778	1	54
	1577675075.148418	23.785188923732996	1	196
	1577675075.223248	13.363614350347289	0	54
	1577675075.22431	941.6937584193983	0	1506
	1577675075.224387	12985.461300309598	0	1506
	1577675075.224584	5071.7097944377265	0	1506
	1577675075.229611	198.93302978561942	1	54
	1577675075.245008	64.94741406008052	1	54
	1577675075.245008	6666	1	54
	1577675075.245089	12336.188235294117	1	54
	1577675075.319561	13.427874426139237	0	907
	1577675075.622574	3.300187500639296	0	907
	1577675075.673173	19.76329119292079	1	180
	1577675075.673174	1048576.0	1	54
	1577675075.673345	5841.649025069638	1	54
	1577675075.747799	13.431142364913764	0	105
	1577675075.750668	348.5378095396377	1	54
	1577675075.834863	11.877204160401428	1	585
	1577675075.915254	12.439177306226552	0	1230
	1577675075.91538	7943.757575757576	0	88
	1577675075.930187	67.5356895580066	1	54
	1577675075.948538	54.49271144601793	1	54
	1577675075.948539	1048576.0	1	54
	1577675076.023184	13.396736977935634	0	54
	1577674884.182116	13.819782537067546	0	54
power_off
	1577675097.276496	0.166088211553643	1	117
	1577675097.342704	15.103886610226255	0	58
	1577675097.349318	151.1951263472838	0	111
	1577675097.35815	113.22492171471764	1	54
	1577675097.362814	214.4107964420816	1	54
	1577675097.484416	8.223545004666338	1	196
	1577675097.559191	13.373457173922054	0	54
	1577675097.560105	1093.9760041731872	0	1506
	1577675097.560165	16710.37450199203	0	1506
	1577675097.560485	3125.412816691505	0	1506
	1577675097.566316	171.49707650161508	1	54
	1577675097.566316	6666	1	54
	1577675097.566316	6666	1	54
	1577675097.566317	838860.8	1	54
	1577675097.640979	13.393699605626606	0	907
	1577675097.959218	3.1422926885182774	0	907
	1577675097.992581	29.97344462389412	1	180
	1577675097.992582	838860.8	1	54
	1577675097.992738	6413.308868501529	1	54
	1577675098.067287	13.414003409225376	0	105
	1577675098.072567	189.3932990156236	1	54
	1577675098.155759	12.020370672879894	1	584
	1577675098.236147	12.439693805220497	0	1229
	1577675098.236243	10407.70223325062	0	88
	1577675098.261051	40.30969130819206	1	54
	1577675098.268117	141.5225562641293	1	54
	1577675098.268126	110376.42105263157	1	54
	1577675098.342385	13.466373428796173	0	54
	1577674884.182116	13.819782537067546	0	54
power_on
	1577675143.170382	0.1339085342656489	1	58
	1577675143.243274	13.718935927334813	0	58
	1577675143.245154	531.9345592897907	1	54
	1577675143.362755	8.503317756535667	1	196
	1577675143.435812	13.68795423320051	0	54
	1577675143.436534	1385.1730515191546	0	1506
	1577675143.436849	3172.695915279879	0	1506
	1577675143.437247	2513.064110245656	0	1506
	1577675143.437547	3334.10492845787	1	54
	1577675143.439701	464.2284449363586	1	54
	1577675143.439703	524288.0	1	54
	1577675143.439887	5433.036269430052	1	54
	1577675143.512612	13.750418809891453	0	907
	1577675143.816591	3.2897017992439097	0	907
	1577675143.876191	16.778558284662772	1	180
	1577675143.906697	32.78029260972865	1	54
	1577675143.906698	1048576.0	1	54
	1577675143.949233	23.510013732798967	0	105
	1577675143.952357	320.1025719300923	1	54
	1577675144.021792	14.401983305348676	1	584
	1577675144.100368	12.726518029444248	0	88
	1577675144.100544	5683.338753387534	0	1229
	1577675144.102505	509.94577507598785	1	54
	1577675144.109929	134.69616879154756	1	54
	1577675144.121679	85.10650731489561	1	54
	1577675144.194267	13.77638804950469	0	54
	1577674884.182116	13.819782537067546	0	54
power_on
	1577675170.657616	0.13670507353199285	1	58
	1577675170.733006	13.264340989661902	0	58
	1577675170.734692	593.0859728506788	1	54
	1577675170.871103	7.330789706877055	1	196
	1577675170.946289	13.3003459615098	0	54
	1577675170.947134	1183.494356659142	0	1506
	1577675170.947302	5949.367375886525	0	1506
	1577675170.947512	4766.254545454545	0	1506
	1577675170.952397	204.70004880429477	1	54
	1577675170.954019	616.5374099661914	1	54
	1577675170.954019	6666	1	54
	1577675170.95402	1048576.0	1	54
	1577675171.028791	13.37418211037843	0	907
	1577675171.33698	3.2447605247868894	0	907
	1577675171.409163	13.853697850090997	1	180
	1577675171.415494	157.95375461324093	1	54
	1577675171.415495	1048576.0	1	54
	1577675171.484309	14.531918358296348	0	105
	1577675171.487159	350.87033628910825	1	54
	1577675171.54991	15.93598711231511	1	585
	1577675171.631194	12.302537177719767	0	1230
	1577675171.631365	5849.796373779637	0	88
	1577675171.643853	80.07758982779029	1	54
	1577675171.643854	1048576.0	1	54
	1577675171.647177	300.9258143205625	1	54
	1577675171.722017	13.361826302476569	0	54
	1577674884.182116	13.819782537067546	0	54
power_off
	1577675192.066286	0.12525568195222722	1	58
	1577675192.141183	13.351703062328898	0	58
	1577675192.143069	530.186322841613	1	54
	1577675192.17231	34.19845734879246	1	196
	1577675192.246976	13.393015317510242	0	54
	1577675192.248951	506.3138580395944	0	1506
	1577675192.249064	8848.742616033755	0	1506
	1577675192.249272	4804.471935853379	0	1506
	1577675192.259643	96.42299822984437	1	54
	1577675192.265904	159.7221629855293	1	54
	1577675192.265905	1048576.0	1	54
	1577675192.265906	838860.8	1	54
	1577675192.340531	13.400332268370606	0	907
	1577675192.649333	3.2383221549572307	0	907
	1577675192.700735	19.454461121727675	1	180
	1577675192.700736	1048576.0	1	54
	1577675192.700736	6666	1	54
	1577675192.775617	13.354551330423181	0	105
	1577675192.779351	267.80130251564293	1	54
	1577675192.855963	13.052786197539008	1	584
	1577675192.937165	12.314963034299707	0	1229
	1577675192.937234	14513.162629757786	0	88
	1577675192.94627	110.66765171503958	1	54
	1577675192.94627	6666	1	54
	1577675192.950727	224.36632074462395	1	54
	1577675193.025254	13.41795136745055	0	54
	1577674884.182116	13.819782537067546	0	54
power_on
	1577675255.613161	0.11172481907365102	1	58
	1577675255.687493	13.45315632307046	0	58
	1577675255.689172	595.6126100539619	1	54
	1577675255.693109	254.00012111669594	1	196
	1577675255.767583	13.427530525089159	0	54
	1577675255.76915	638.1110603986003	0	1506
	1577675255.769303	6533.183800623053	0	1506
	1577675255.769366	15887.515151515152	0	1506
	1577675255.776219	145.92436419302092	1	54
	1577675255.77956	299.2938490081347	1	54
	1577675255.779561	1048576.0	1	54
	1577675255.779561	6666	1	54
	1577675255.85371	13.486377944907284	0	907
	1577675256.140489	3.487003663831984	0	907
	1577675256.211686	14.045576165105603	1	180
	1577675256.211687	838860.8	1	54
	1577675256.211688	1048576.0	1	54
	1577675256.286009	13.455141551046596	0	105
	1577675256.289053	328.52698362967027	1	54
	1577675256.363196	13.487462135585154	1	585
	1577675256.443268	12.488734453486261	0	1230
	1577675256.44334	13888.423841059603	0	88
	1577675256.45489	86.58046404095451	1	54
	1577675256.457145	443.46627193909916	1	54
	1577675256.480631	42.57830836074228	1	54
	1577675256.55518	13.414003409225376	0	54
	1577674884.182116	13.819782537067546	0	54
power_off
	1577675275.686409	0.11017087409314259	1	58
	1577675275.761224	13.366297319604712	0	58
	1577675275.76323	498.49108628476347	1	54
	1577675275.821371	17.19956860670628	1	196
	1577675275.896196	13.364551137848188	0	54
	1577675275.897287	916.5874125874126	0	1506
	1577675275.897399	8924.051063829787	0	1506
	1577675275.897646	4048.5559845559847	0	1506
	1577675275.898016	2702.5154639175257	1	54
	1577675275.901312	303.38546112115733	1	54
	1577675275.901313	1048576.0	1	54
	1577675275.901314	1048576.0	1	54
	1577675275.975986	13.391903498437086	0	907
	1577675276.268997	3.412841737477593	0	907
	1577675276.334188	15.33953355691198	1	180
	1577675276.338972	209.0254161267816	1	54
	1577675276.339023	19599.551401869157	1	54
	1577675276.408914	14.307998799224954	0	105
	1577675276.416395	133.67447493386877	1	54
	1577675276.481486	15.36307561572385	1	584
	1577675276.561968	12.425137602720653	0	1229
	1577675276.562056	11366.677506775068	0	88
	1577675276.578806	59.70199561590799	1	54
	1577675276.592505	72.99773747780988	1	54
	1577675276.610485	55.61704723260933	1	54
	1577675276.684957	13.427874426139237	0	54
	1577674884.182116	13.819782537067546	0	54
power_on
	1577675334.558323	0.09551350214588072	1	58
	1577675334.630488	13.857130585895428	0	58
	1577675334.63227	561.1109030100334	1	54
	1577675334.7196	11.450836500240248	1	196
	1577675334.791807	13.849077785628909	0	54
	1577675334.792797	1009.9455815073441	0	1506
	1577675334.792908	9020.008602150538	0	1506
	1577675334.793202	3401.706407137064	0	1506
	1577675334.80002	146.66937091303282	1	54
	1577675334.80002	6666	1	54
	1577675334.800124	9619.963302752294	1	54
	1577675334.800125	1048576.0	1	54
	1577675334.871921	13.928317864080894	0	907
	1577675335.165262	3.409002723590881	0	907
	1577675335.244238	12.662088036492186	1	180
	1577675335.250937	149.27411203644388	1	54
	1577675335.250937	6666	1	54
	1577675335.316182	15.32686538257746	0	105
	1577675335.31919	332.43274946500753	1	54
	1577675335.386637	14.826467957849788	1	585
	1577675335.465507	12.679082843366938	0	88
	1577675335.465643	7358.428070175439	0	1230
	1577675335.46909	290.10264213584173	1	54
	1577675335.489469	49.06996115868782	1	54
	1577675335.496652	139.22076542636174	1	54
	1577675335.568712	13.877303617630906	0	54
	1577674884.182116	13.819782537067546	0	54
power_off
	1577675365.003714	0.07029325531135233	1	58
	1577675365.080065	13.097417866031307	0	58
	1577675365.142235	16.084921000153397	1	54
	1577675365.212188	14.295319763875067	1	196
	1577675365.288441	13.114248908788474	0	54
	1577675365.28975	763.8506647240939	0	1506
	1577675365.289863	8848.742616033755	0	1506
	1577675365.289969	9446.63063063063	0	1506
	1577675365.290614	1550.5744916820702	1	54
	1577675365.292902	437.04324268000414	1	54
	1577675365.292903	1048576.0	1	54
	1577675365.292904	1048576.0	1	54
	1577675365.36907	13.12919139558761	0	907
	1577675365.73974	2.6978186173298804	1	180
	1577675365.743801	246.231302101679	1	54
	1577675365.792418	20.568984964249633	0	907
	1577675365.797153	211.19355488418933	1	54
	1577675365.816155	52.626148055207025	0	105
	1577675365.819344	313.5693779904306	1	54
	1577675365.883985	15.470057980850092	1	584
	1577675365.966935	12.055473000744431	0	1229
	1577675365.967022	11491.243835616438	0	88
	1577675365.976144	109.62348082904263	1	54
	1577675365.976145	1048576.0	1	54
	1577675365.985353	108.60164159395147	1	54
	1577675366.061291	13.1686399357	0	54
	1577674884.182116	13.819782537067546	0	54
power_on
	1577675422.48963	0.07762148297364596	1	58
	1577675422.564061	13.435272561870168	0	58
	1577675422.568331	234.18782802903405	1	54
	1577675422.648632	12.453137850460353	1	196
	1577675422.723133	13.4226318484383	0	54
	1577675422.724258	889.0004239084358	0	1506
	1577675422.72431	19239.92660550459	0	1506
	1577675422.724548	4198.5025025025025	0	1506
	1577675422.740945	60.98676825544537	1	54
	1577675422.740945	6666	1	54
	1577675422.740946	1048576.0	1	54
	1577675422.740946	6666	1	54
	1577675422.815268	13.454968899268275	0	907
	1577675423.121601	3.2644207046092397	0	907
	1577675423.193228	13.961234917200633	1	180
	1577675423.195497	440.71703267836506	1	54
	1577675423.195497	6666	1	54
	1577675423.267831	13.824747602928234	0	105
	1577675423.310433	23.47317346167837	1	54
	1577675423.330402	50.077654138210995	1	585
	1577675423.411266	12.366413204036926	0	1230
	1577675423.411361	10538.452261306533	0	88
	1577675423.433107	45.98563738227587	1	54
	1577675423.433107	6666	1	54
	1577675423.433108	838860.8	1	54
	1577675423.507643	13.416534984741956	0	54
	1577674884.182116	13.819782537067546	0	54
power_off
	1577675442.262711	0.15351286008902587	1	58
	1577675442.338302	13.22911455885646	0	58
	1577675442.339967	600.5589919816724	1	54
	1577675442.498288	6.316285317583421	1	196
	1577675442.573242	13.34151027419047	0	54
	1577675442.574549	765.1047063115651	0	1506
	1577675442.574599	19972.876190476192	0	1506
	1577675442.574651	19239.92660550459	0	1506
	1577675442.574987	2976.794889992903	1	54
	1577675442.598846	41.912862738828046	1	54
	1577675442.598847	1048576.0	1	54
	1577675442.598848	838860.8	1	54
	1577675442.673778	13.345797842044806	0	907
	1577675442.964191	3.4433731774596086	0	907
	1577675443.037786	13.587870934300895	1	180
	1577675443.039053	789.293187805796	1	54
	1577675443.039053	6666	1	54
	1577675443.112798	13.560239113637172	0	105
	1577675443.121113	120.2633329510265	1	54
	1577675443.184003	15.900765789673212	1	584
	1577675443.274145	11.093635772134087	0	88
	1577675443.274407	3816.4731574158327	0	1230
	1577675443.284477	99.3040225394796	1	54
	1577675443.295055	94.53656997317826	1	54
	1577675443.295056	838860.8	1	54
	1577675443.369895	13.362039140227527	0	54
	1577674884.182116	13.819782537067546	0	54
power_on
	1577675460.807816	0.1244676234330205	1	58
	1577675460.880838	13.694523893481696	0	58
	1577675460.882592	570.1106429251054	1	54
	1577675460.890513	126.24699756192999	1	196
	1577675460.963463	13.70799575128687	0	54
	1577675460.964419	1046.2220004988776	0	1506
	1577675460.964469	19972.876190476192	0	1506
	1577675460.964769	3334.10492845787	0	1506
	1577675460.965077	3246.3653250773996	1	54
	1577675460.966881	554.2888859521607	1	54
	1577675460.966882	1048576.0	1	54
	1577675460.966882	6666	1	54
	1577675461.039722	13.728725127899631	0	907
	1577675461.330781	3.4357293228155537	0	907
	1577675461.402534	13.936694644364255	1	180
	1577675461.40478	445.2552016985138	1	54
	1577675461.40478	6666	1	54
	1577675461.475632	14.113919407756372	0	105
	1577675461.47982	238.77399521803483	1	54
	1577675461.552316	13.793876410037162	1	585
	1577675461.631432	12.639651395112661	0	1230
	1577675461.631526	10645.441624365481	0	88
	1577675461.640684	109.19538673817397	1	54
	1577675461.640684	6666	1	54
	1577675461.652536	84.37376033473477	1	54
	1577675461.725186	13.764588126031695	0	54
	1577674884.182116	13.819782537067546	0	54
power_off
	1577675477.672998	0.15240651669775077	1	58
	1577675477.748116	13.31237701067706	0	58
	1577675477.749966	540.5727542209048	1	54
	1577675477.827362	12.92053859399981	1	196
	1577675477.902192	13.363614350347289	0	54
	1577675477.903586	717.4656175162504	0	1506
	1577675477.903638	19239.92660550459	0	1506
	1577675477.903847	4782.558722919042	1	54
	1577675477.903919	13888.423841059603	0	1506
	1577675477.905987	483.54899700253634	1	54
	1577675477.905988	1048576.0	1	54
	1577675477.905988	6666	1	54
	1577675477.98087	13.35433873114322	0	907
	1577675478.29097	3.224765387259025	0	907
	1577675478.333331	23.606607570001408	1	180
	1577675478.333332	1048576.0	1	54
	1577675478.333476	6944.211920529801	1	54
	1577675478.408305	13.363827245065396	0	105
	1577675478.415953	130.75328885840764	1	54
	1577675478.483823	14.734019981171048	1	584
	1577675478.565083	12.306182865894627	0	88
	1577675478.565186	9709.037037037036	0	1229
	1577675478.629964	15.437318503196552	1	54
	1577675478.66071	32.524573892275	1	54
	1577675478.66071	6666	1	54
	1577675478.737102	13.090387034153009	0	54
	1577674884.182116	13.819782537067546	0	54
power_on
	1577675499.012025	0.10411865170806382	1	58
	1577675499.088814	13.022715135558068	0	58
	1577675499.090621	553.4112679773057	1	54
	1577675499.238091	6.781040330846809	1	196
	1577675499.314769	13.041543977040586	0	54
	1577675499.315838	935.3933987511151	0	1506
	1577675499.315886	20867.18407960199	0	1506
	1577675499.315962	13148.288401253918	0	1506
	1577675499.31832	424.0954499494439	1	54
	1577675499.31948	862.1385405960946	1	54
	1577675499.319481	1048576.0	1	54
	1577675499.319481	6666	1	54
	1577675499.395782	13.105971315189201	0	907
	1577675499.701453	3.2714914938806325	0	907
	1577675499.762433	16.398797352298363	1	180
	1577675499.762434	1048576.0	1	54
	1577675499.762435	1048576.0	1	54
	1577675499.839052	13.051933220270417	0	105
	1577675499.846739	130.08820792754793	1	54
	1577675499.90469	17.255965507026957	1	585
	1577675499.987033	12.144343329347281	0	1230
	1577675499.987123	11096.042328042327	0	88
	1577675500.006223	52.356155833780626	1	54
	1577675500.010872	215.10354377147547	1	54
	1577675500.010873	838860.8	1	54
	1577675500.087461	13.056890170063474	0	54
	1577674884.182116	13.819782537067546	0	54
power_off
	1577675523.358618	0.08355605197702219	1	58
	1577675523.433619	13.333155316504385	0	58
	1577675523.437711	244.3805861446134	1	54
	1577675523.579283	7.063543708613732	1	196
	1577675523.654329	13.325149476118767	0	54
	1577675523.655451	891.267318317042	0	1506
	1577675523.655526	13357.656050955415	0	1506
	1577675523.65578	3934.6191369606004	0	1506
	1577675523.713096	17.44718801996672	1	54
	1577675523.720267	139.44756965223752	1	54
	1577675523.720267	6666	1	54
	1577675523.720268	1048576.0	1	54
	1577675523.795046	13.372902863774621	0	907
	1577675524.116477	3.1110883643789142	0	907
	1577675524.155149	25.858522089739953	1	180
	1577675524.164406	108.02544621011153	1	54
	1577675524.164407	1048576.0	1	54
	1577675524.230243	15.189269055827562	0	105
	1577675524.242214	83.53523202549293	1	54
	1577675524.313812	13.96686024828174	1	584
	1577675524.394875	12.336079387534816	0	1229
	1577675524.394975	10010.272076372315	0	88
	1577675524.422622	36.17026560883063	1	54
	1577675524.486844	15.570964520524043	1	54
	1577675524.486844	6666	1	54
	1577675524.561848	13.332646723184855	0	54
	1577674884.182116	13.819782537067546	0	54
power_on
	1577675591.88684	0.07606158104244652	1	58
	1577675591.961919	13.319310011940146	0	58
	1577675591.963741	548.8489924103637	1	54
	1577675592.082902	8.39201515815421	1	196
	1577675592.157813	13.34915340547422	0	54
	1577675592.159226	707.7799527505906	0	1506
	1577675592.159281	18157.160173160173	0	1506
	1577675592.159378	10305.415233415233	0	1506
	1577675592.159622	4100.003910068426	1	54
	1577675592.161857	447.44015361638577	1	54
	1577675592.161857	6666	1	54
	1577675592.161858	838860.8	1	54
	1577675592.23661	13.377594631488972	0	907
	1577675592.53557	3.344929417853802	0	907
	1577675592.596121	16.51495845966059	1	180
	1577675592.596122	1048576.0	1	54
	1577675592.596275	6533.183800623053	1	54
	1577675592.671467	13.29929164367838	0	105
	1577675592.674522	327.34753765706705	1	54
	1577675592.755252	12.386974832105752	1	585
	1577675592.836144	12.362148747664213	0	88
	1577675592.836225	12336.188235294117	0	1230
	1577675592.839346	320.42047364400304	1	54
	1577675592.84996	94.21379635661178	1	54
	1577675592.851781	549.2083278774388	1	54
	1577675592.926607	13.364338220065447	0	54
	1577674884.182116	13.819782537067546	0	54
power_off
	1577675632.081853	0.11420002107945831	1	58
	1577675632.154547	13.756281547125132	0	58
	1577675632.156287	574.7196492189642	1	54
	1577675632.289337	7.515973421831657	1	196
	1577675632.361959	13.769920452792032	0	54
	1577675632.363299	746.31743772242	0	1506
	1577675632.363358	16912.516129032258	0	1506
	1577675632.363406	20867.18407960199	0	1506
	1577675632.370418	142.61004386114038	1	54
	1577675632.381271	92.1420035149385	1	54
	1577675632.381271	6666	1	54
	1577675632.381272	838860.8	1	54
	1577675632.453782	13.7912004445482	0	907
	1577675632.758584	3.2808190032790168	0	907
	1577675632.807534	20.429027183151415	1	180
	1577675632.841257	29.653250380006362	1	54
	1577675632.841257	6666	1	54
	1577675632.879987	25.81984056142079	0	105
	1577675632.902311	44.79466860328513	1	54
	1577675632.954662	19.101832622873175	1	584
	1577675633.032872	12.786108841712496	0	88
	1577675633.033176	3289.6501960784312	0	1229
	1577675633.059297	38.283169039795546	1	54
	1577675633.091285	31.261815498595034	1	54
	1577675633.091285	6666	1	54
	1577675633.163934	13.764813988290582	0	54
	1577674884.182116	13.819782537067546	0	54
power_on
	1577675659.114272	0.09743099997193894	1	58
	1577675659.189131	13.358464365678177	0	58
	1577675659.204518	64.98968049831107	1	54
	1577675659.261626	17.510704385291074	1	196
	1577675659.336321	13.387757186540439	0	54
	1577675659.33755	813.7958866899495	0	1506
	1577675659.337596	21732.145077720208	0	1506
	1577675659.337919	3095.4273062730626	0	1506
	1577675659.349196	88.67637793610858	1	54
	1577675659.356312	140.52682011592455	1	54
	1577675659.356312	6666	1	54
	1577675659.356313	1048576.0	1	54
	1577675659.430965	13.395496194664545	0	907
	1577675659.751096	3.12372060739078	0	907
	1577675659.824965	13.537480352065172	1	180
	1577675659.827282	431.6015641078411	1	54
	1577675659.827283	1048576.0	1	54
	1577675659.899877	13.775211670969055	0	105
	1577675659.902675	357.4183212611845	1	54
	1577675660.001021	10.168182247941177	1	585
	1577675660.082498	12.273377421431498	0	1230
	1577675660.082631	7516.673835125448	0	88
	1577675660.10429	46.17040200783761	1	54
	1577675660.130073	38.78515285458009	1	54
	1577675660.130074	1048576.0	1	54
	1577675660.204689	13.402130637337917	0	54
	1577674884.182116	13.819782537067546	0	54
power_off
	1577675677.009519	0.14052996058175724	1	58
	1577675677.083176	13.57647949918916	0	58
	1577675677.084838	601.6789556735046	1	54
	1577675677.210735	7.942990355098276	1	196
	1577675677.284616	13.535296034903947	0	54
	1577675677.285989	728.304219482549	0	1506
	1577675677.286102	8848.742616033755	0	1506
	1577675677.286258	6413.308868501529	0	1506
	1577675677.301897	63.94243463678634	1	54
	1577675677.306838	202.388728044779	1	54
	1577675677.306839	1048576.0	1	54
	1577675677.306839	6666	1	54
	1577675677.386024	12.628652981097535	0	907
	1577675677.668747	3.537031571242324	0	907
	1577675677.743979	13.292210961317842	1	180
	1577675677.743979	6666	1	54
	1577675677.744051	13888.423841059603	1	54
	1577675677.817677	13.582150837084292	0	105
	1577675677.825507	127.71547760421424	1	54
	1577675677.895847	14.216630285938962	1	584
	1577675677.980057	11.875085645041647	0	1229
	1577675677.980213	6413.308868501529	0	88
	1577675677.997697	57.19453459514004	1	54
	1577675677.997697	6666	1	54
	1577675677.997804	9362.285714285714	1	54
	1577675678.071165	13.631191521584405	0	54
	1577674884.182116	13.819782537067546	0	54
power_on
	1577675696.541432	0.12948615473782946	1	58
	1577675696.616723	13.281772294597111	0	58
	1577675696.619551	353.6214484444819	1	54
	1577675696.758933	7.174521177329883	1	196
	1577675696.834059	13.310982827728251	0	54
	1577675696.835277	820.9637893912703	0	1506
	1577675696.835324	21290.883248730963	0	1506
	1577675696.835607	3533.5332771693343	0	1506
	1577675696.836595	1012.1389961389962	1	54
	1577675696.837852	795.5811836115327	1	54
	1577675696.837852	6666	1	54
	1577675696.839462	621.1023248926404	1	54
	1577675696.913036	13.591745735469487	0	907
	1577675697.222169	3.234855548794267	0	907
	1577675697.264012	23.898759565363555	1	180
	1577675697.264012	6666	1	54
	1577675697.264013	1048576.0	1	54
	1577675697.339153	13.308490925244321	0	105
	1577675697.341891	365.2302333681644	1	54
	1577675697.451224	9.146366142144377	1	585
	1577675697.533046	12.221664053894973	0	1230
	1577675697.533146	10010.272076372315	0	88
	1577675697.542212	110.30095198022406	1	54
	1577675697.542213	1048576.0	1	54
	1577675697.565979	42.07684436508096	1	54
	1577675697.640903	13.346859546736079	0	54
	1577674884.182116	13.819782537067546	0	54
power_off
	1577675728.24943	0.09201467679094058	1	58
	1577675728.323836	13.43974980934498	0	58
	1577675728.326049	451.87502693385045	1	54
	1577675728.395992	14.297366393738793	1	196
	1577675728.470335	13.451171680825613	0	54
	1577675728.471716	724.1546961325967	0	1506
	1577675728.471828	8924.051063829787	0	1506
	1577675728.471935	9341.43429844098	0	1506
	1577675728.472272	2968.3680113234254	1	54
	1577675728.474406	468.58496257401407	1	54
	1577675728.479249	206.48372963127062	1	54
	1577675728.48926	99.89054276119936	1	54
	1577675728.553376	15.5967306505232	0	907
	1577675728.858442	3.277978023352142	0	907
	1577675728.920923	16.004884303071005	1	180
	1577675728.920923	6666	1	54
	1577675728.920924	1048576.0	1	54
	1577675728.995473	13.414003409225376	0	105
	1577675729.062026	15.02559252572149	1	54
	1577675729.085195	43.161044680894854	1	584
	1577675729.166283	12.3323071856798	0	1229
	1577675729.166362	12633.44578313253	0	88
	1577675729.188566	45.03708794158703	1	54
	1577675729.188566	6666	1	54
	1577675729.218797	33.07862900045742	1	54
	1577675729.293206	13.439233051580613	0	54
	1577674884.182116	13.819782537067546	0	54
power_on
	1577675743.328851	0.14878179457142598	1	58
	1577675743.4013	13.802818940807509	0	58
	1577675743.403537	447.0109772993712	1	54
	1577675743.486372	12.072197677263373	1	196
	1577675743.558776	13.81140922801333	0	54
	1577675743.560409	612.3071532846716	0	1506
	1577675743.56046	19599.551401869157	0	1506
	1577675743.560746	3498.1684737281066	0	1506
	1577675743.565746	199.99542246805265	1	54
	1577675743.565746	6666	1	54
	1577675743.565746	6666	1	54
	1577675743.565747	1048576.0	1	54
	1577675743.637879	13.863497089669899	0	907
	1577675743.928843	3.4368497990809512	0	907
	1577675743.993758	15.404773885034507	1	180
	1577675744.046995	18.783942102717518	1	54
	1577675744.046996	838860.8	1	54
	1577675744.066322	51.74384090600674	0	105
	1577675744.078542	81.83369102899286	1	54
	1577675744.140436	16.156670595758122	1	585
	1577675744.218625	12.789500806527844	0	88
	1577675744.218707	12192.744186046511	0	1230
	1577675744.239064	49.12340864106438	1	54
	1577675744.242919	259.4040447770425	1	54
	1577675744.242919	6666	1	54
	1577675744.315064	13.86097727017363	0	54
	1577674884.182116	13.819782537067546	0	54
power_off
	1577675793.383078	0.1234647321061012	1	58
	1577675793.458151	13.320367506248433	0	58
	1577675793.462897	210.7055159248468	1	54
	1577675793.485123	44.992641222029135	1	196
	1577675793.560157	13.327266487881138	0	54
	1577675793.561285	886.5575988163179	0	1506
	1577675793.561336	19599.551401869157	0	1506
	1577675793.561619	3533.5332771693343	0	1506
	1577675793.563481	537.0427656850192	1	54
	1577675793.564991	662.2933838623086	1	54
	1577675793.564992	1048576.0	1	54
	1577675793.564992	6666	1	54
	1577675793.639705	13.384553034920494	0	907
	1577675793.946211	3.2625772025078175	0	907
	1577675794.01523	14.488797385711226	1	180
	1577675794.01523	6666	1	54
	1577675794.015344	8774.694560669455	1	54
	1577675794.090281	13.344524019356747	0	105
	1577675794.117322	36.98093777001887	1	54
	1577675794.160372	23.22877634092986	1	584
	1577675794.24133	12.352100647304468	0	88
	1577675794.241628	3355.4432	0	1229
	1577675794.249578	125.78509521667416	1	54
	1577675794.256206	150.87424460431654	1	54
	1577675794.258682	403.88098218584497	1	54
	1577675794.333384	13.386518066021326	0	54
	1577674884.182116	13.819782537067546	0	54
power_on
	1577675819.320373	0.14259693372857768	1	58
	1577675819.392456	13.872897220991076	0	58
	1577675819.394185	578.365140650855	1	54
	1577675819.452689	17.092887445340548	1	196
	1577675819.524784	13.870557460754194	0	54
	1577675819.525932	871.0911734164071	0	1506
	1577675819.525987	18236.104347826087	0	1506
	1577675819.526218	4328.487100103199	0	1506
	1577675819.526516	3355.4432	1	54
	1577675819.528466	512.8137914170436	1	54
	1577675819.535153	149.54554854351625	1	54
	1577675819.539146	250.43611177454025	1	54
	1577675819.60713	14.709320839149067	0	907
	1577675819.897971	3.4383063838508043	0	907
	1577675819.97118	13.659513907660042	1	180
	1577675819.971182	466033.77777777775	1	54
	1577675819.971183	1048576.0	1	54
	1577675820.043044	13.915748472994986	0	105
	1577675820.046065	331.0160208349775	1	54
	1577675820.109738	15.705239193601534	1	584
	1577675820.187679	12.830227464607779	0	1229
	1577675820.187773	10645.441624365481	0	88
	1577675820.223957	27.636469061126597	1	54
	1577675820.223958	1048576.0	1	54
	1577675820.223958	6666	1	54
	1577675820.295764	13.926421760034	0	54
	1577674884.182116	13.819782537067546	0	54
power_on
	1577675840.202936	0.13162505970791083	1	58
	1577675840.279517	13.05806901532982	0	58
	1577675840.294449	66.96956730001597	1	54
	1577675840.429221	7.419948555921553	1	196
	1577675840.506261	12.980237056293133	0	54
	1577675840.507526	790.6322337417531	0	1506
	1577675840.507579	18808.538116591928	0	1506
	1577675840.507816	4219.621730382294	0	1506
	1577675840.510272	407.17444908261336	1	54
	1577675840.510273	1048576.0	1	54
	1577675840.510273	6666	1	54
	1577675840.510363	11096.042328042327	1	54
	1577675840.586516	13.131493262535692	0	907
	1577675840.892993	3.262886846555858	0	907
	1577675840.94889	17.890048581994378	1	180
	1577675840.951241	425.3426630159213	1	54
	1577675840.951242	1048576.0	1	54
	1577675841.025342	13.495273457358156	0	105
	1577675841.036117	92.80665575076337	1	54
	1577675841.08643	19.875580491688307	1	585
	1577675841.168865	12.130785493858404	0	1230
	1577675841.169	7410.43109540636	0	88
	1577675841.190762	45.95137877011734	1	54
	1577675841.192357	626.9512705530643	1	54
	1577675841.192358	1048576.0	1	54
	1577675841.26871	13.097254272536793	0	54
	1577674884.182116	13.819782537067546	0	54
power_off
	1577675862.417344	0.13399894310163601	1	58
	1577675862.492442	13.315969433271002	0	58
	1577675862.815028	3.09994796840263	1	54
	1577675862.901881	11.513703443429375	1	196
	1577675862.976889	13.331926282397665	0	54
	1577675862.978236	742.3546902654867	0	1506
	1577675862.978288	19239.92660550459	0	1506
	1577675862.978393	9510.893424036281	0	1506
	1577675863.055182	13.022715135558068	1	196
	1577675863.058316	319.079802206162	1	54
	1577675863.058317	1048576.0	1	54
	1577675863.058317	6666	1	54
	1577675863.058317	6666	1	54
	1577675863.129754	13.998324594748839	0	54
	1577675863.133137	295.6025089858341	0	907
	1577675863.153501	49.10615480079145	1	54
	1577675863.565815	2.4253363941782267	1	180
	1577675863.636826	14.082312098360877	1	54
	1577675863.640632	262.75161310530603	0	54
	1577675863.640702	14266.340136054421	0	105
	1577675863.650787	99.15612293144208	1	54
	1577675863.653732	339.56476683937825	1	54
	1577675863.690674	27.069456455797503	1	585
	1577675863.771447	12.380393522754778	0	1230
	1577675863.771512	15363.750915750916	0	88
	1577675863.786744	65.65088905584773	1	54
	1577675863.792124	185.87653445601595	1	54
	1577675863.792124	6666	1	54
	1577675863.868264	13.133713684500586	0	54
	1577675863.868345	12336.188235294117	0	54
	1577674884.182116	13.819782537067546	0	54
power_off
	1577675884.483433	0.09466259046686354	1	58
	1577675884.556094	13.762555699201345	0	58
	1577675884.636456	12.443679668192592	1	54
	1577675884.644393	125.99291078401923	1	196
	1577675884.717013	13.770327325256902	0	54
	1577675884.718196	845.2849657396212	0	1506
	1577675884.718243	21290.883248730963	0	1506
	1577675884.718547	3287.0721003134795	0	1506
	1577675884.81215	10.683430166658601	1	54
	1577675884.84235	33.11257776233934	1	54
	1577675884.842351	1048576.0	1	54
	1577675884.842422	14074.845637583892	1	54
	1577675884.914836	13.80949935138908	0	907
	1577675885.352232	2.2862575031124424	1	180
	1577675885.377406	39.723678104312086	1	54
	1577675885.404153	37.387053643057065	0	907
	1577675885.425129	47.673922185976195	0	105
	1577675885.472769	20.990726514761008	1	54
	1577675885.489999	58.03819117728455	1	54
	1577675885.581301	10.952672425499024	1	584
	1577675885.659891	12.724278736765465	0	88
	1577675885.659975	11881.881019830029	0	1229
	1577675885.898028	4.200747947351236	1	54
	1577675885.93848	24.72065445458189	1	54
	1577675885.93848	6666	1	54
	1577675886.011179	13.755334151028787	0	54
	1577674884.182116	13.819782537067546	0	54
power_on
	1577675946.226896	0.14346590277465657	1	58
	1577675946.301842	13.342953306229441	0	58
	1577675946.307734	169.7205519362279	1	54
	1577675946.398347	11.035957669618847	1	196
	1577675946.473172	13.364508553748896	0	54
	1577675946.474241	935.3933987511151	0	1506
	1577675946.474304	15887.515151515152	0	1506
	1577675946.474636	3010.986360373295	0	1506
	1577675946.474945	3236.3456790123455	1	54
	1577675946.47784	345.4376544226651	1	54
	1577675946.477841	1048576.0	1	54
	1577675946.477841	6666	1	54
	1577675946.552581	13.379685660785434	0	907
	1577675946.847396	3.3919596811433164	0	907
	1577675946.944633	10.28413944615807	1	180
	1577675946.965774	47.30133525802959	1	54
	1577675946.965775	1048576.0	1	54
	1577675947.019656	18.559442106613922	0	105
	1577675947.030256	94.33882141250562	1	54
	1577675947.062592	30.925287737692347	1	585
	1577675947.143875	12.302717606511695	0	88
	1577675947.143942	14873.418439716312	0	1230
	1577675947.147253	302.0309642111327	1	54
	1577675947.153637	156.6441589483119	1	54
	1577675947.164263	94.10810204402163	1	54
	1577675947.238968	13.386005393588333	0	54
	1577674884.182116	13.819782537067546	0	54
power_off
	1577675975.359538	0.11308461302818267	1	58
	1577675975.434555	13.330316166842527	0	58
	1577675975.436272	582.4613248159977	1	54
	1577675975.506067	14.327646869940084	1	196
	1577675975.5812	13.309757877701266	0	54
	1577675975.582845	607.8701449275362	0	1506
	1577675975.582906	16384.0	0	1506
	1577675975.582938	31300.776119402984	1	54
	1577675975.583006	14716.856140350877	0	1506
	1577675975.586089	324.36037429433145	1	54
	1577675975.587135	955.8577939835916	1	54
	1577675975.587136	1048576.0	1	54
	1577675975.662221	13.318252685525945	0	907
	1577675975.948406	3.4942429147571494	0	907
	1577675976.021258	13.72643374219476	1	180
	1577675976.024286	330.26015748031494	1	54
	1577675976.024286	6666	1	54
	1577675976.096546	13.838933614887159	0	105
	1577675976.10387	136.53777792245842	1	54
	1577675976.174264	14.20574827098024	1	584
	1577675976.256157	12.21106077721233	0	1229
	1577675976.256227	14266.340136054421	0	88
	1577675976.274262	55.44794035217598	1	54
	1577675976.278304	247.3931815500767	1	54
	1577675976.278304	6666	1	54
	1577675976.353174	13.356507561451723	0	54
	1577674884.182116	13.819782537067546	0	54
power_on
	1577676002.863048	0.136324285012423	1	58
	1577676002.937924	13.355444321322583	0	58
	1577676002.941922	250.12248792414576	1	54
	1577676002.957353	64.8039182361757	1	196
	1577676003.032032	13.39066361030055	0	54
	1577676003.033526	669.3750398978615	0	1506
	1577676003.033577	19599.551401869157	0	1506
	1577676003.033814	4219.621730382294	1	54
	1577676003.036566	363.3634237200035	1	54
	1577676003.037803	808.4626060138781	1	54
	1577676003.108384	14.168127064768711	0	1506
	1577676003.110545	462.7431597528685	1	54
	1577676003.112615	483.0477945410572	0	907
	1577676003.469103	2.805143594349724	0	907
	1577676003.471006	525.5361483523368	1	180
	1577676003.471007	838860.8	1	54
	1577676003.471007	6666	1	54
	1577676003.545844	13.362379694732851	0	105
	1577676003.548767	342.11288743882545	1	54
	1577676003.620789	13.884653835713483	1	584
	1577676003.702409	12.251902354099299	0	88
	1577676003.702492	12052.597701149425	0	1229
	1577676003.704409	521.6796019900497	1	54
	1577676003.711872	133.99048014567293	1	54
	1577676003.720694	113.35344035457543	1	54
	1577676003.795223	13.41760797448472	0	54
	1577674884.182116	13.819782537067546	0	54
power_on
	1577676022.951471	0.10200051706671569	1	58
	1577676023.024338	13.723649165974098	0	58
	1577676023.026303	508.89395777723854	1	54
	1577676023.066647	24.78683331855923	1	196
	1577676023.139251	13.77335702065197	0	54
	1577676023.140459	827.7686994276693	0	1506
	1577676023.140507	20867.18407960199	0	1506
	1577676023.14079	3533.5332771693343	0	1506
	1577676023.186165	22.03851468865104	1	54
	1577676023.186165	6666	1	54
	1577676023.186257	10894.296103896104	1	54
	1577676023.186257	6666	1	54
	1577676023.258975	13.751726218188733	0	907
	1577676023.565521	3.2621534407624515	0	907
	1577676023.616638	19.562985074626866	1	180
	1577676023.616638	6666	1	54
	1577676023.616639	1048576.0	1	54
	1577676023.68942	13.73983345672299	0	105
	1577676023.692289	348.5378095396377	1	54
	1577676023.772472	12.47150405428309	1	585
	1577676023.851798	12.606183013843555	0	88
	1577676023.851869	14074.845637583892	0	1230
	1577676023.858014	162.73391790176146	1	54
	1577676023.86369	176.18684365286063	1	54
	1577676023.865316	615.0005865102639	1	54
	1577676023.937882	13.780552233509876	0	54
	1577674884.182116	13.819782537067546	0	54
power_off
	1577676043.332203	0.10465062983311331	1	58
	1577676043.405409	13.660047744822487	0	58
	1577676043.563335	6.332085828719982	1	54
	1577676043.563336	1048576.0	1	196
	1577676043.636638	13.642186885064612	0	54
	1577676043.637653	985.0408642555191	0	1506
	1577676043.638007	2826.3504043126686	0	1506
	1577676043.638069	16131.938461538462	0	1506
	1577676043.737519	10.055292910501434	1	54
	1577676043.864628	7.867260388570228	1	54
	1577676043.864629	1048576.0	1	54
	1577676043.864708	12671.61329305136	1	54
	1577676043.93761	13.71705153823261	0	907
	1577676044.332694	2.5311063947141488	1	180
	1577676044.332695	1048576.0	1	54
	1577676044.406053	13.63176745123275	0	105
	1577676044.437584	31.714964083175804	1	54
	1577676044.465454	35.88064604434711	1	584
	1577676044.544841	12.596528847684347	0	1229
	1577676044.544994	6533.183800623053	0	88
	1577676044.565254	49.358689512332894	1	54
	1577676044.565255	1048576.0	1	54
	1577676044.565403	6754.112721417069	1	54
	1577676044.638653	13.651866824201827	0	54
	1577674884.182116	13.819782537067546	0	54
power_on
	1577676207.093147	0.1011680004928266	1	58
	1577676207.167661	13.420312669981506	0	58
	1577676207.170729	325.94839912962385	1	54
	1577676207.202399	31.575530361202706	1	196
	1577676207.276291	13.533287085585222	0	54
	1577676207.277771	675.6288659793814	0	1506
	1577676207.277825	18477.110132158592	0	1506
	1577676207.277908	12052.597701149425	0	1506
	1577676207.277983	13357.656050955415	1	54
	1577676207.281485	285.54047246238684	1	54
	1577676207.281486	1048576.0	1	54
	1577676207.281486	6666	1	54
	1577676207.355491	13.512620852515633	0	907
	1577676207.647186	3.428237013448766	0	907
	1577676207.712703	15.263226078792423	1	180
	1577676207.712704	1048576.0	1	54
	1577676207.712704	6666	1	54
	1577676207.786922	13.473814059423116	0	105
	1577676207.790475	281.4591330022816	1	54
	1577676207.862235	13.935305531191027	1	585
	1577676207.94177	12.573079851556082	0	1230
	1577676207.94185	12520.310447761194	0	88
	1577676207.959002	58.30199747014915	1	54
	1577676207.959003	1048576.0	1	54
	1577676207.96259	278.783914921901	1	54
	1577676208.036335	13.560239113637172	0	54
	1577674884.182116	13.819782537067546	0	54
power_off
	1577676226.380128	0.11291104522448758	1	58
	1577676226.452542	13.809453884573976	0	58
	1577676226.455791	307.79364496954577	1	54
	1577676226.602081	6.835734250348363	1	196
	1577676226.674513	13.806044726499497	0	54
	1577676226.67572	828.586329514026	0	1506
	1577676226.675768	20867.18407960199	0	1506
	1577676226.675837	14463.11724137931	0	1506
	1577676226.676252	2410.519540229885	1	54
	1577676226.688153	84.02556243363985	1	54
	1577676226.688154	1048576.0	1	54
	1577676226.688154	6666	1	54
	1577676226.76034	13.853103015490307	0	907
	1577676227.072209	3.2064754795795034	0	907
	1577676227.109711	26.66520868431927	1	180
	1577676227.109712	1048576.0	1	54
	1577676227.109712	6666	1	54
	1577676227.18231	13.774442609006925	0	105
	1577676227.198839	60.50029570008799	1	54
	1577676227.25945	16.498652747019324	1	584
	1577676227.337431	12.823637319766659	0	88
	1577676227.337508	12985.461300309598	0	1229
	1577676227.339392	530.7901797013415	1	54
	1577676227.352148	78.39380969291442	1	54
	1577676227.359607	134.06757231900272	1	54
	1577676227.431726	13.86597198575816	0	54
	1577674884.182116	13.819782537067546	0	54
power_on
	1577676250.387975	0.1294267833542189	1	58
	1577676250.463531	13.235209289850271	0	58
	1577676250.465322	558.3471778487753	1	54
	1577676250.584398	8.397996960601953	1	196
	1577676250.659335	13.344566476195324	0	54
	1577676250.660552	821.6070519098922	0	1506
	1577676250.660609	17549.38912133891	0	1506
	1577676250.660771	6177.178203240059	0	1506
	1577676250.661038	3744.9142857142856	1	54
	1577676250.663279	446.20255319148936	1	54
	1577676250.66328	1048576.0	1	54
	1577676250.66328	6666	1	54
	1577676250.73793	13.395838456747736	0	907
	1577676251.040811	3.3016266850339466	0	907
	1577676251.0985	17.33434174364061	1	180
	1577676251.100233	577.0125189159444	1	54
	1577676251.100234	1048576.0	1	54
	1577676251.173782	13.596548270082954	0	105
	1577676251.17845	214.2246284284182	1	54
	1577676251.250745	13.832224702945318	1	584
	1577676251.331919	12.319231175910804	0	1229
	1577676251.332013	10645.441624365481	0	88
	1577676251.352831	48.0353653927643	1	54
	1577676251.352831	6666	1	54
	1577676251.352832	838860.8	1	54
	1577676251.427611	13.372732316050579	0	54
	1577674884.182116	13.819782537067546	0	54
power_on
	1577676267.345141	0.1534320619405042	1	58
	1577676267.419847	13.385791791664007	0	58
	1577676267.421602	569.8008422768645	1	54
	1577676267.545521	8.06978686070718	1	196
	1577676267.620165	13.396908138494954	0	54
	1577676267.621438	785.5973028657052	0	1506
	1577676267.621488	19972.876190476192	0	1506
	1577676267.621736	4032.9846153846156	0	1506
	1577676267.626021	233.37992432673047	1	54
	1577676267.626021	6666	1	54
	1577676267.626022	838860.8	1	54
	1577676267.626022	6666	1	54
	1577676267.70035	13.453889926031422	0	907
	1577676268.003153	3.3024767567839954	0	907
	1577676268.064553	16.286661748145846	1	180
	1577676268.064554	1048576.0	1	54
	1577676268.064555	1048576.0	1	54
	1577676268.13923	13.39134765812075	0	105
	1577676268.142158	341.5278886084195	1	54
	1577676268.269867	7.830307103519089	1	584
	1577676268.350642	12.380064640859517	0	1229
	1577676268.350736	10645.441624365481	0	88
	1577676268.35996	108.4107627491018	1	54
	1577676268.35996	6666	1	54
	1577676268.364544	218.15791116196817	1	54
	1577676268.439185	13.397464440519123	0	54
	1577674884.182116	13.819782537067546	0	54
power_on
	1577676295.889234	0.1352880796649047	1	58
	1577676295.962511	13.646847526891516	0	58
	1577676296.005885	23.055380573099608	1	54
	1577676296.035707	33.532166641350145	1	196
	1577676296.109221	13.60285399234611	0	54
	1577676296.109853	1582.159185213127	0	1506
	1577676296.109902	20460.019512195122	0	1506
	1577676296.110209	3256.447204968944	0	1506
	1577676296.110886	1476.867605633803	1	54
	1577676296.111873	1013.3616815655955	1	54
	1577676296.113039	857.5555101206297	1	54
	1577676296.113039	6666	1	54
	1577676296.185905	13.723828781959414	0	907
	1577676296.563041	2.651563417651659	1	180
	1577676296.563043	466033.77777777775	1	54
	1577676296.564243	833.3606199086032	0	907
	1577676296.56553	777.0107447202668	1	54
	1577676296.636365	14.117339777787501	0	105
	1577676296.697232	16.429244599385026	1	54
	1577676296.700578	298.86732221747184	1	584
	1577676296.782187	12.253548860187033	0	88
	1577676296.782275	11366.677506775068	0	1229
	1577676296.787863	178.95315299940268	1	54
	1577676296.79294	196.9711655865502	1	54
	1577676296.800595	130.6311199701009	1	54
	1577676296.873721	13.675056730744151	0	54
	1577674884.182116	13.819782537067546	0	54
power_on
	1577676345.415894	0.1579954579409772	1	58
	1577676345.492849	12.99459372376252	0	58
	1577676345.501117	120.94999711632735	1	54
	1577676345.533408	30.96844312526765	1	196
	1577676345.610268	13.010636680884064	0	54
	1577676345.611416	871.0911734164071	0	1506
	1577676345.611464	20867.18407960199	0	1506
	1577676345.611771	3256.447204968944	0	1506
	1577676345.614147	420.90356246864025	1	54
	1577676345.614147	6666	1	54
	1577676345.614148	1048576.0	1	54
	1577676345.614148	6666	1	54
	1577676345.691025	13.007771843967673	0	907
	1577676346.010161	3.13346128244455	0	907
	1577676346.068961	17.006807906741003	1	180
	1577676346.070944	504.2442894926665	1	54
	1577676346.070945	1048576.0	1	54
	1577676346.145826	13.354508810025663	0	105
	1577676346.158204	80.78864341159928	1	54
	1577676346.218495	16.586274804451158	1	584
	1577676346.303405	11.777154425659644	0	1229
	1577676346.303551	6853.437908496732	0	88
	1577676346.320664	58.435209050252865	1	54
	1577676346.320665	1048576.0	1	54
	1577676346.320666	838860.8	1	54
	1577676346.397262	13.055508346640023	0	54
	1577674884.182116	13.819782537067546	0	54
power_on
	1577676385.588688	0.11286567955552766	1	58
	1577676385.663458	13.374310048499884	0	58
	1577676385.667246	263.99194360523666	1	54
	1577676385.690811	42.436148040227444	1	196
	1577676385.765417	13.403715314727998	0	54
	1577676385.766757	746.31743772242	0	1506
	1577676385.766808	19599.551401869157	0	1506
	1577676385.767043	4253.858012170385	0	1506
	1577676385.775717	115.28830983205519	1	54
	1577676385.780025	232.127068459793	1	54
	1577676385.780026	1048576.0	1	54
	1577676385.780092	15141.891696750903	1	54
	1577676385.854644	13.413445732889022	0	907
	1577676386.147677	3.4125862746517894	0	907
	1577676386.208232	16.513918089973462	1	180
	1577676386.208233	838860.8	1	54
	1577676386.208233	6666	1	54
	1577676386.283071	13.362209415310312	0	105
	1577676386.288482	184.81180876845121	1	54
	1577676386.36056	13.873860881128087	1	585
	1577676386.443266	12.091024924040196	0	1230
	1577676386.4434	7463.174377224199	0	88
	1577676386.453854	95.65553731070972	1	54
	1577676386.453855	1048576.0	1	54
	1577676386.45819	230.68441315586844	1	54
	1577676386.532744	13.41310257049843	0	54
	1577674884.182116	13.819782537067546	0	54
power_off
	1577676407.00641	0.10194914880575252	1	58
	1577676407.079187	13.740598658799865	0	58
	1577676407.082275	323.83446571958	1	54
	1577676407.109447	36.80247086901586	1	196
	1577676407.181932	13.795963476567639	0	54
	1577676407.183051	893.5458031529612	0	1506
	1577676407.183114	15887.515151515152	0	1506
	1577676407.183213	10106.756626506025	0	1506
	1577676407.187306	244.32364420108348	1	54
	1577676407.193674	157.03122426057655	1	54
	1577676407.193675	1048576.0	1	54
	1577676407.193789	8774.694560669455	1	54
	1577676407.266172	13.81541258778113	0	907
	1577676407.55622	3.4477037524146152	0	907
	1577676407.620246	15.618684461391801	1	180
	1577676407.620247	1048576.0	1	54
	1577676407.620247	6666	1	54
	1577676407.693067	13.73245588187146	0	105
	1577676407.697239	239.70190878957595	1	54
	1577676407.768982	13.938639868134205	1	584
	1577676407.847814	12.685179920519227	0	1229
	1577676407.847889	13357.656050955415	0	88
	1577676407.857618	102.78393412894846	1	54
	1577676407.857619	1048576.0	1	54
	1577676407.869216	86.22980613063054	1	54
	1577676407.941837	13.770101282030238	0	54
	1577674884.182116	13.819782537067546	0	54
power_on
	1577676430.782449	0.14732205030314566	1	58
	1577676430.857038	13.40680008566433	0	58
	1577676430.859227	456.84609519660165	1	54
	1577676431.001372	7.035062059711506	1	196
	1577676431.075632	13.466200488652161	0	54
	1577676431.07689	794.978013646702	0	1506
	1577676431.07695	16644.06349206349	0	1506
	1577676431.077009	16980.987854251012	0	1506
	1577676431.077366	2799.935914552737	1	54
	1577676431.080429	326.48120183700473	1	54
	1577676431.080429	6666	1	54
	1577676431.08043	1048576.0	1	54
	1577676431.154598	13.482909705769842	0	907
	1577676431.462642	3.24628994682786	0	907
	1577676431.524299	16.218771267710203	1	180
	1577676431.524301	466033.77777777775	1	54
	1577676431.524301	6666	1	54
	1577676431.599015	13.384382189914255	0	105
	1577676431.606643	131.09658060886417	1	54
	1577676431.670019	15.778856209887968	1	584
	1577676431.75003	12.49826127637511	0	1229
	1577676431.75012	11125.474801061007	0	88
	1577676431.771869	45.97908399289645	1	54
	1577676431.774715	351.37002596967415	1	54
	1577676431.774716	1048576.0	1	54
	1577676431.849107	13.442463439726428	0	54
	1577674884.182116	13.819782537067546	0	54
power_on
	1577676451.918058	0.10346118694631526	1	58
	1577676451.992672	13.402301935747746	0	58
	1577676451.99508	415.27762376237627	1	54
	1577676452.13828	6.9832440928101445	1	196
	1577676452.212847	13.410743804295347	0	54
	1577676452.214122	784.2752430815258	0	1506
	1577676452.214172	20068.44019138756	0	1506
	1577676452.214281	9157.868995633187	0	1506
	1577676452.215441	862.1385405960946	1	54
	1577676452.21823	358.54881176269447	1	54
	1577676452.218231	1048576.0	1	54
	1577676452.218231	6666	1	54
	1577676452.292395	13.483603210883828	0	907
	1577676452.581502	3.458928815885179	0	907
	1577676452.652139	14.15688908540434	1	180
	1577676452.65214	1048576.0	1	54
	1577676452.652141	838860.8	1	54
	1577676452.72687	13.381691956252633	0	105
	1577676452.730336	288.5261057989957	1	54
	1577676452.801565	14.03922933765347	1	585
	1577676452.882267	12.39125643669366	0	1230
	1577676452.882342	13315.250793650794	0	88
	1577676452.891536	108.76780249987034	1	54
	1577676452.891537	1048576.0	1	54
	1577676452.901879	96.69196366821892	1	54
	1577676452.97605	13.482389623748373	0	54
	1577674884.182116	13.819782537067546	0	54
power_off
	1577676478.519585	0.08457384294823937	1	58
	1577676478.594177	13.406243008099418	0	58
	1577676478.596042	536.2188698542573	1	54
	1577676478.741708	6.865014206963376	1	196
	1577676478.816181	13.427702473412259	0	54
	1577676478.817439	794.8273640325942	0	1506
	1577676478.817547	9258.949227373068	0	1506
	1577676478.817877	3030.566473988439	0	1506
	1577676478.818126	4017.532567049808	1	54
	1577676478.827679	104.6796446041729	1	54
	1577676478.827681	466033.77777777775	1	54
	1577676478.827681	6666	1	54
	1577676478.902071	13.44267885415398	0	907
	1577676479.205988	3.2903727877494666	0	907
	1577676479.262394	17.728603794001284	1	180
	1577676479.262394	6666	1	54
	1577676479.262395	1048576.0	1	54
	1577676479.337001	13.403715314727998	0	105
	1577676479.36007	43.34839496475744	1	54
	1577676479.412899	18.928987593701628	1	585
	1577676479.493832	12.355884969569138	0	88
	1577676479.493924	10894.296103896104	0	1230
	1577676479.499948	165.9992876083429	1	54
	1577676479.504967	199.24488147831457	1	54
	1577676479.512386	134.78706857767207	1	54
	1577676479.589186	13.020855452282055	0	54
	1577674884.182116	13.819782537067546	0	54
power_off
	1577676496.752853	0.11728480141366877	1	58
	1577676496.825555	13.754747733123452	0	58
	1577676496.830044	222.76949224559166	1	54
	1577676496.971298	7.079448133382394	1	196
	1577676497.044225	13.712342829494112	0	54
	1577676497.044962	1356.9407958589454	0	1506
	1577676497.04531	2872.8109589041096	0	1506
	1577676497.045375	15363.750915750916	0	1506
	1577676497.058864	74.13443625501529	1	54
	1577676497.058864	6666	1	54
	1577676497.058957	10754.625641025641	1	54
	1577676497.058958	1048576.0	1	54
	1577676497.13154	13.777519372205854	0	907
	1577676497.41413	3.538696733565742	0	907
	1577676497.494936	12.37531607287748	1	180
	1577676497.494937	1048576.0	1	54
	1577676497.494938	1048576.0	1	54
	1577676497.567981	13.690545591043364	0	105
	1577676497.571833	259.6127754394652	1	54
	1577676497.645548	13.565721382736493	1	584
	1577676497.724248	12.70650820531308	0	1229
	1577676497.724335	11491.243835616438	0	88
	1577676497.733503	109.07328236334321	1	54
	1577676497.733503	6666	1	54
	1577676497.742206	114.9029942744432	1	54
	1577676497.814753	13.78417530990785	0	54
	1577674884.182116	13.819782537067546	0	54
power_on
	1577676516.639566	0.12360988741411297	1	58
	1577676516.713894	13.453889926031422	0	58
	1577676516.715683	558.9424307036247	1	54
	1577676516.740077	40.99362758512842	1	196
	1577676516.814037	13.520810029302636	0	54
	1577676516.815009	1028.7721363747853	0	1506
	1577676516.81535	2933.0797202797203	0	1506
	1577676516.815709	2785.062416998672	1	54
	1577676516.817004	772.2894494568219	1	54
	1577676516.817004	6666	1	54
	1577676516.889553	13.783767618709598	0	1506
	1577676516.890869	759.9753578546838	0	907
	1577676516.892698	546.7028154327425	1	54
	1577676517.253936	2.768258024660395	0	907
	1577676517.257055	320.61641950772054	1	180
	1577676517.258233	848.8775551507792	1	54
	1577676517.258234	1048576.0	1	54
	1577676517.331135	13.717230981557973	0	105
	1577676517.333974	352.2553120013437	1	54
	1577676517.411921	12.829207118256285	1	584
	1577676517.491819	12.515976557371179	0	1229
	1577676517.491908	11214.716577540106	0	88
	1577676517.505398	74.12919531291423	1	54
	1577676517.508748	298.50572912959933	1	54
	1577676517.508748	6666	1	54
	1577676517.582572	13.545743443999484	0	54
	1577674884.182116	13.819782537067546	0	54
power_on
	1577676535.029269	0.12099696465024387	1	58
	1577676535.10348	13.475069394469005	0	58
	1577676535.105252	564.3573735199138	1	54
	1577676535.111	173.9725413745904	1	196
	1577676535.185129	13.49002151685809	0	54
	1577676535.185962	1200.4304522037778	0	1506
	1577676535.186076	8774.694560669455	0	1506
	1577676535.186468	2551.279805352798	0	1506
	1577676535.187304	1195.9806102081552	1	54
	1577676535.190845	282.40667923511984	1	54
	1577676535.193507	375.6653828929691	1	54
	1577676535.193508	1048576.0	1	54
	1577676535.26723	13.564449101428465	0	907
	1577676535.558781	3.4299331154276107	0	907
	1577676535.665501	9.370296481143477	1	180
	1577676535.671682	161.79231600061718	1	54
	1577676535.671683	838860.8	1	54
	1577676535.739726	14.696590315810129	0	105
	1577676535.743071	298.95253029223096	1	54
	1577676535.780424	26.771583583328013	1	585
	1577676535.860451	12.495803752044498	0	1230
	1577676535.860669	4588.954048140044	0	88
	1577676535.869818	109.30067233022359	1	54
	1577676535.87077	1050.4142248935636	1	54
	1577676535.88412	74.90631139050612	1	54
	1577676535.958008	13.533985782923374	0	54
	1577674884.182116	13.819782537067546	0	54
power_off
	1577676554.998731	0.11985907491903741	1	58
	1577676555.075573	13.013704665543486	0	58
	1577676555.082138	152.3207437536316	1	54
	1577676555.082139	1048576.0	1	196
	1577676555.1587	13.061484803188838	0	54
	1577676555.159915	823.0580847723705	0	1506
	1577676555.159971	17848.102127659575	0	1506
	1577676555.160248	3609.555938037866	0	1506
	1577676555.160396	6754.112721417069	1	54
	1577676555.162261	536.2188698542573	1	54
	1577676555.162261	6666	1	54
	1577676555.163273	988.0574793875147	1	54
	1577676555.238664	13.264215146800248	0	907
	1577676555.529453	3.4389181229492203	0	907
	1577676555.59815	14.556681567037788	1	180
	1577676555.598151	1048576.0	1	54
	1577676555.598295	6944.211920529801	1	54
	1577676555.675185	13.005593798449613	0	105
	1577676555.678029	351.60566686226844	1	54
	1577676555.747888	14.31454216579639	1	584
	1577676555.830748	12.068550382689763	0	1229
	1577676555.830834	11650.844444444445	0	88
	1577676555.839952	109.6722100198724	1	54
	1577676555.839953	1048576.0	1	54
	1577676555.848075	123.12287911700815	1	54
	1577676555.924464	13.090877312351163	0	54
	1577674884.182116	13.819782537067546	0	54
power_on
