	1577762206.671182	0.03689923228063483	1	267
	1577762206.704815	29.73270857110451	0	123	
	1577762206.786512	12.240353467848784	1	54
power_on/off
	1577762224.936257	0.05509719286355745	1	267	
	1577762224.969666	29.93194793331811	0	123	
	1577762225.038447	14.538920163057043	1	54	
power_on/off
	1577762470.554272	0.059632685584573	1	267	
	1577762470.586482	31.046151340868548	0	123	
	1577762470.834552	4.03112022228181	1	54	
power_on/off
	1577762648.845361	0.10123079421266348	1	267	
	1577762648.877687	30.93486742633772	0	123	
	1577762649.067009	5.2820064628737375	1	54	
timer_on
	1577762716.170848	0.11548857446737096	0	315	
	1577762716.288662	8.487950978249431	1	54	
	1577762716.359527	14.111307741479662	1	251	
	1577762716.430017	14.186432881456827	0	54	
ds_on/off
	1577762756.015191	0.05522345689768073	0	315	
	1577762756.160944	6.860926632337257	1	251	
	1577762756.231422	14.18883243235929	0	54	
ds_on/off
	1577773939.174899	0.13419779372292923	1	267	
	1577773939.208785	29.510750872453	0	123	
	1577773939.458573	4.003394143479875	1	54	
power_on/off
	1577773991.799122	0.06868173844820946	1	267	
	1577773991.832747	29.739876482808988	0	123	
	1577773991.957397	8.022462797903676	1	54	
timer_on
	1577774048.615687	0.09829020020946903	1	267
	1577774048.649542	29.537560123662843	0	123	
	1577774048.683922	29.086712898751735	1	267	
	1577774048.717291	29.967876536153188	0	123	
	1577774048.96261	4.07632694554212	1	54	
timer_on
	1577774085.608654	0.6124872334727319	1	267	
	1577774085.642302	29.719435981010417	0	123	
	1577774085.709882	14.797280658738195	1	54	
timer_on
	1577774130.434478	0.07616293590360193	0	315	
	1577774130.633187	5.032484408108024	1	251	
	1577774130.703945	14.132704360132085	0	54	
ds_on/off
	1577774179.671654	0.40700834258108815	0	315	
	1577774179.79592	8.04725935277403	1	251	
	1577774179.86686	14.096415992256608	0	54	
ds_on/off
