	1577774649.561763	0.17153785505537442	0	198
	1577774649.634717	13.707278972257354	1	150	
	1577774649.637706	334.5540400414772	1	150	
	1577774649.64231	217.2089073019161	0	54	
power_off
	1577774742.709065	0.9293239846364677	0	198	
	1577774742.780189	14.05993644323469	1	150	
	1577774742.788868	115.22180099994506	1	150	
	1577774742.793822	201.8530246883873	0	54
power_off
	1577774747.047036	0.23511632089022466	0	198	
	1577774747.128048	12.343848682564769	1	150	
	1577774747.130044	500.99187768752984	1	150	
	1577774747.132633	386.25140436504284	0	54	
power_on
	1577774788.810801	0.3105591874097739	0	198	
	1577774788.880216	14.406138479874429	1	150	
	1577774788.882322	474.79103463889516	1	150	
power_off
	1577774791.798305	4.923706857590282	0	198	
	1577774791.875391	12.972528934003872	1	150	
	1577774791.877488	476.89641841955654	1	150	
	1577774791.882263	209.422009187138	0	54
power_on
	1577774794.388059	0.39907479208035723	0	198	
	1577774794.47476	11.533871761661594	1	150	
	1577774794.477367	383.60197548929943	1	150	
	1577774794.479416	488.05026762857807	0	54	
	1577774794.482086	374.52486829181174	0	54	
power_off
	1577774796.985253	0.521953656898462	0	198
	1577774797.06567	12.435194326594385	1	150	
	1577774797.06817	399.9908449361053	1	150	
	1577774797.072812	215.42393425783257	0	54	
power_off
	1577774942.529837	0.24453831143200794	0	198	
	1577774942.599321	14.391803374314174	1	150	
	1577774942.602286	337.24402991075016	1	150	
	1577774942.60692	215.80078205392056	0	54	
power_on
	1577774947.695771	0.069161021931518	0	198
	1577774947.779522	11.940161183339644	1	150	
	1577774947.781698	459.54903034951246	1	150	
	1577774947.78649	208.68222299616897	0	54	
power_off
	1577774957.593823	0.10936705808317954	0	198	
	1577774957.679347	11.692613056641225	1	150	
	1577774957.684776	184.19498484915025	1	150	
	1577774957.689883	195.8125116713352	0	54	
power_on
	1577774961.217012	0.5645115659955559	0	198	
	1577774961.315292	10.175015040658296	1	150	
	1577774961.325268	100.23908419568387	1	150	
	1577774961.329956	213.30946447642782	0	54	
power_off
