	1577703391.873176	0.5163230076626678	1	424
	1577703391.879894	148.8555914398268	0	113	
	1577703391.884689	208.54733492442324	1	66
move
	1577703481.979143	0.13160234511308588	1	419	
	1577703481.98692	128.58074800735744	0	113	
	1577703481.990323	293.86281790793805	1	66	
move
	1577703572.40682	0.09911217148669628	1	419
	1577703572.413697	145.41339620024962	0	113	
	1577703572.418605	203.74545807830563	1	66	
move
	1577703757.536058	1.1194410993534722	1	419	
	1577703757.543255	138.9440487627124	0	113	
	1577703757.546999	267.10208240463606	1	66	
move
	1577703849.274586	0.06638727783993417	1	420	
	1577703849.281371	147.3805825925015	0	113	
	1577703849.288162	147.25639855352316	1	66	
nomove
	1577703940.31388	2.675520632994803	1	419	
	1577703940.320475	151.62692502349793	0	113	
	1577703940.331162	93.57272889523469	1	66	
move
	1577704033.488719	7.9667979174620545	1	419	
	1577704033.495648	144.32262060422545	0	113	
	1577704033.505613	100.34940306720578	1	66
nomove
	1577704140.366291	0.07289251285137067	1	421	
	1577704140.373144	145.92436419302092	0	113	
	1577704140.376685	282.40667923511984	1	66
nomove
	1577704242.702946	0.10796751798144102	1	423	
	1577704242.710105	139.6844173577114	0	113	
	1577704242.722595	80.0638326302327	1	66	
	1577704243.722539	1.0000560315054425	1	419	
	1577704243.729442	144.8659551687217	0	113	
	1577704243.733808	229.03423797302463	1	66
move
	1577704545.471033	0.22830679291396658	1	422	
	1577704545.478023	143.0624189917457	0	113	
	1577704545.492262	70.23046783429892	1	66	
	1577704571.710721	0.038141066760143394	1	419	
	1577704571.717983	137.70327325256903	0	113	
	1577704571.721837	259.4682338385401	1	66
move
	1577704750.504481	0.14620406600499192	1	421	
	1577704750.511172	149.45496009122007	0	113	
	1577704750.522414	88.95283338988803	1	66
nomove
	1577705214.77741	0.1442342100262402	1	419	
	1577705214.784092	149.6576036537501	0	113	
	1577705214.787538	290.18292514182923	1	66	
move
	1577705325.730805	0.05166206775384486	1	421	
	1577705325.737604	147.0808289792054	0	113	
	1577705325.745645	124.36042339965013	1	66	
nomove
	1577705584.651576	0.1348477452962799	1	420	
	1577705584.656879	188.5758474957288	0	66	
	1577705584.657895	984.1163772876583	0	113	
	1577705584.662902	199.719251464216	1	66	
move
	1577705774.678843	0.08182919676144529	1	417	
	1577705774.684471	177.68710019063758	0	66	
	1577705774.685882	708.6169961142085	0	113	
	1577705774.739212	18.751191423538774	1	66
water
	1577705843.364285	0.14541132926622524	1	418	
	1577705843.37105	147.8220906463664	0	113	
	1577705843.374494	290.34362453274264	1	66	
nowater