	1577775298.461707	0.1088971676585872	0	282	
	1577775298.505008	23.09422576080433	1	66	
	1577775298.517435	80.46935134201792	1	113	
	1577775298.563338	21.785083960505062	0	66	
	1577775298.587606	41.20667668759272	1	417	
	1577775298.592538	202.75071300816938	0	66	
	1577775298.593728	840.3734722500501	0	113	
	1577775298.623904	33.13900147747833	1	418	
	1577775298.629769	170.50016260162602	0	113	
power_off
	1577775372.075151	0.1250247147361292	0	282	
	1577775372.130579	18.041413958930153	1	66	
	1577775372.14842	56.050353463136936	1	113	
	1577775372.201058	18.99774888010182	0	66	
	1577775372.219892	53.09514405792699	1	415	
	1577775372.224895	199.88105223027068	0	66	
	1577775372.225908	987.1273240762532	0	113	
	1577775372.271664	21.855122607001054	1	417	
	1577775372.277583	168.94803834689438	0	113	
	1577775372.363763	11.60359203908528	1	66	
power_off
	1577775411.405458	0.36678148526115767	0	282	
	1577775411.454868	20.23877514584469	1	66	
	1577775411.465533	93.76517928999374	1	113	
	1577775411.514457	20.439878753618387	0	66	
	1577775411.537428	43.53331188308925	1	416	
	1577775411.542358	202.83895928039462	0	66	
	1577775411.543265	1102.3137976346911	0	113	
	1577775411.567221	41.74350604112343	1	417	
	1577775411.573284	164.93527329925286	0	113	
	1577775411.653944	12.39770271907967	1	66
power_off
	1577775523.430373	0.10911502267601716	0	282	
	1577775523.581693	6.608512609464267	1	66	
	1577775523.591509	101.87272903915282	1	113	
	1577775523.637053	21.956832875278106	0	66	
	1577775523.686829	20.089972027436104	1	417	
	1577775523.691817	200.482959705559	0	66	
	1577775523.692935	894.4986137769247	0	113	
	1577775523.708443	64.4831116919056	1	418	
	1577775523.713874	184.1222124670764	0	113	
	1577775523.724651	92.79023052077342	1	66	
power_off
	1577775560.282036	0.5033360698398381	0	282	
	1577775560.445752	6.108144476126954	1	66	
	1577775560.469753	41.66471967258712	1	113	
	1577775560.533504	15.686032813370682	0	66	
	1577775560.568369	28.682139584501552	1	417	
	1577775560.573562	192.56709976585097	0	66	
	1577775560.574543	1019.2719319562576	0	113	
	1577775560.600202	38.97255208042965	1	418	
	1577775560.606826	150.96656228629018	0	113	
	1577775560.657013	19.92552933743153	1	66	
power_off
	1577775676.260606	0.11586313185788066	0	282
	1577775676.384328	8.082647462937947	1	113	
	1577775676.432846	20.610830466830468	0	66	
	1577775676.469927	26.967986677725698	1	416	
	1577775676.474837	203.6663105758959	0	66	
	1577775676.476069	811.7484033288175	0	113	
	1577775676.500082	41.644035822792354	1	418	
	1577775676.506202	163.39958705052788	0	113	
	1577775676.569041	15.913676270839183	1	66	
power_on
	1577775721.730596	1.580030822306128	0	282
	1577775721.846025	8.663339832777025	1	66	
	1577775721.857625	86.20676614461298	1	113	
	1577775721.90522	21.010599715470775	0	66	
	1577775721.938664	29.90079416000114	1	416	
	1577775721.943598	202.6723363131191	0	66	
	1577775721.945047	690.1931874280073	0	113	
	1577775721.959466	69.35255795495883	1	417	
	1577775721.965319	170.8543728868793	0	113	
	1577775722.029105	15.677414049592954	1	66	
power_on
	1577775855.483887	0.07123443901867049	0	283
	1577775855.579096	10.503195304204981	1	66	
	1577775855.597332	54.83682194359826	1	113	
	1577775855.644055	21.402786140735827	0	66	
	1577775855.684896	24.485137186223	1	417	
	1577775855.689966	197.23978368210675	0	66	
	1577775855.691146	847.5053546170943	0	113	
	1577775855.740514	20.255977591577523	1	418	
	1577775855.746396	170.0094848202343	0	113	
	1577775855.792075	21.891967785543162	1	66	
power_on
	1577775888.217268	0.10315090382686955	0	282	
	1577775888.239189	45.61852452062691	1	66	
	1577775888.283487	22.574294940796555	1	113	
	1577775888.329402	21.779427877101064	0	66	
	1577775888.336166	147.8429326753613	1	417	
	1577775888.341498	187.54712931497048	0	66	
	1577775888.342525	973.6081708449397	0	113	
	1577775888.370843	35.31331772946941	1	418	
	1577775888.376862	166.1373682959677	0	113	
	1577775888.380309	290.10264213584173	1	66	
power_on
	1577775924.167372	0.0726340929661127	0	282	
	1577775924.290365	8.130544517029485	1	66	
	1577775924.300218	101.49064776054395	1	113	
	1577775924.345813	21.932262770669162	0	66	
	1577775924.380408	28.90590067676531	1	417	
	1577775924.385349	202.388728044779	0	66	
	1577775924.386387	963.3220027560864	0	113	
	1577775924.410655	41.20667668759272	1	418	
	1577775924.416495	171.23102674015104	0	113	
	1577775924.469973	18.699277316843734	1	66	
power_on

